5500
472 1026 3
58 909 3
15 878 3
579 83 3
494 875 3
480 1011 3
340 950 3
774 694 3
191 868 3
1381 1046 3
71 869 3
542 991 3
836 191 2
532 977 3
171 954 3
246 1179 3
802 625 2
246 185 3
333 1030 3
1340 1340 3
113 923 3
681 1005 3
563 566 2
425 83 3
1070 867 3
706 595 2
657 660 2
819 1384 3
1304 869 3
312 314 0
406 1324 3
196 29 3
739 1029 3
214 381 3
128 916 3
783 246 3
568 987 3
298 268 3
245 1438 4
467 468 0
1087 899 3
58 991 3
71 1005 3
467 1026 3
494 399 3
605 339 2
104 869 3
728 1027 3
657 879 3
362 1443 4
759 1302 3
1274 29 3
521 778 2
777 883 3
166 121 3
200 201 0
1480 1480 0
803 115 2
1386 940 3
734 333 3
953 954 3
844 1414 3
216 219 0
1194 114 3
760 573 2
17 153 0
442 670 2
71 291 3
54 287 3
728 962 3
246 895 3
115 694 3
497 233 2
203 654 3
63 351 3
542 738 3
166 581 3
825 827 2
255 856 3
279 879 3
742 351 2
15 945 3
806 468 2
602 83 3
43 283 2
1289 694 3
468 859 3
213 244 3
8 556 2
354 114 3
512 458 3
1094 856 3
803 140 2
616 130 3
681 468 2
475 335 0
845 844 3
185 17 2
525 1005 3
177 291 3
693 468 2
1390 864 3
520 187 0
759 568 2
43 229 2
1326 289 3
619 130 3
21 652 3
662 819 3
840 1011 3
1145 863 3
483 2 2
1390 290 3
742 187 2
10 879 3
246 1181 3
429 785 2
128 878 3
17 954 3
707 719 3
470 470 2
110 694 3
948 949 3
107 291 3
1151 1152 3
378 526 0
1379 893 3
619 291 3
139 735 3
596 289 3
90 694 3
432 581 3
1221 520 3
845 235 3
90 133 3
185 674 2
168 879 3
775 903 3
661 233 2
1373 597 3
43 951 3
58 887 3
1153 954 3
759 291 3
261 262 0
424 31 2
525 887 3
59 607 2
498 889 3
110 111 0
1345 1261 3
310 1026 3
18 289 3
1142 971 3
1314 880 3
1290 865 3
416 133 3
444 445 0
555 1082 3
839 56 2
107 133 3
674 289 3
1376 694 3
369 758 2
229 694 3
307 536 3
84 689 3
338 510 2
492 1164 3
279 186 0
330 895 3
850 627 3
602 1019 3
820 962 3
434 1485 3
119 468 2
80 868 3
325 730 2
640 468 2
707 654 3
491 492 0
608 609 2
1404 874 3
297 168 3
329 20 3
173 446 3
1235 764 3
335 903 3
1041 1042 3
361 358 3
491 452 3
849 578 2
764 764 3
90 879 3
310 935 3
521 30 2
90 879 3
604 856 3
870 135 3
581 583 2
400 1028 3
139 140 0
121 120 0
284 1206 3
133 496 2
894 261 3
126 884 3
1404 1378 3
269 597 3
840 855 3
104 107 0
1042 977 3
359 2 0
820 1045 3
719 694 3
15 943 3
333 1466 2
213 1129 3
63 47 3
37 38 0
498 581 3
182 2 0
333 877 3
1506 1240 3
805 974 3
184 696 3
677 185 3
619 1015 3
40 942 3
14 18 0
14 547 3
213 681 2
721 722 2
1512 1132 0
210 536 3
31 1113 3
31 694 3
910 863 3
1341 879 3
180 707 3
58 996 3
144 151 0
605 334 2
55 536 3
302 1155 3
196 496 2
1167 1010 3
1081 291 3
28 904 3
177 901 3
475 856 3
63 680 3
914 915 3
596 291 3
1142 891 3
1358 959 3
141 940 3
17 153 0
302 1220 3
516 654 3
286 913 3
32 122 3
1266 1437 4
534 39 0
596 291 3
483 291 3
807 807 3
340 233 0
1235 1136 3
314 713 3
1042 895 3
1349 114 3
759 869 3
1404 1026 3
1357 521 3
1386 1387 3
246 965 3
693 912 3
510 1078 3
386 7 0
577 920 3
728 904 3
1307 828 3
270 247 0
417 1 0
57 209 2
329 224 3
742 654 2
1469 889 3
581 588 2
444 142 0
482 483 0
526 226 0
805 987 3
936 892 3
674 1408 3
246 860 3
1202 868 3
121 120 0
874 663 3
281 879 3
677 795 2
604 868 3
17 597 3
640 287 3
510 635 3
62 892 3
297 289 3
246 475 3
65 869 3
306 1225 3
483 255 2
124 1005 3
655 856 3
237 859 3
191 869 3
956 735 3
382 768 2
58 660 3
1357 879 3
725 468 2
1512 16 0
1266 863 3
458 50 0
8 21 2
237 867 3
639 965 3
0 2 0
1417 1346 3
86 289 3
734 694 3
801 514 2
52 884 3
220 222 0
346 120 0
491 57 0
505 83 3
182 255 2
1392 1011 3
175 1005 3
75 536 3
1386 1098 3
619 286 3
1204 323 3
297 291 3
366 468 2
112 962 3
362 358 3
578 1332 3
456 944 3
831 834 2
215 692 2
90 69 3
499 560 2
616 869 3
188 175 3
806 468 2
535 7 0
568 114 3
728 19 2
689 233 2
400 83 3
464 120 0
581 582 2
516 1081 3
185 672 2
169 38 0
840 856 3
31 140 2
494 424 3
71 879 3
228 31 2
516 180 3
302 55 3
169 291 3
383 229 2
616 468 2
1402 965 3
719 893 3
184 158 2
75 952 3
107 229 3
329 860 3
216 218 0
302 574 3
65 211 0
545 1420 3
1506 867 3
370 694 3
347 1265 3
432 441 0
145 1218 3
355 351 3
228 869 3
432 903 3
236 819 3
630 962 3
518 211 0
1307 1116 3
302 854 3
596 859 3
485 130 3
21 1229 3
553 286 2
121 940 3
332 334 0
541 289 3
424 428 0
640 965 3
498 254 3
31 283 2
378 468 0
623 65 2
115 7 0
327 920 3
829 496 2
521 1012 3
86 551 2
84 627 3
107 215 2
302 168 3
333 860 3
417 855 3
215 690 2
547 181 0
1291 799 3
416 283 0
1278 179 3
403 289 3
184 191 2
171 904 3
246 1182 3
1402 654 3
956 958 3
1392 654 3
961 962 3
10 11 0
104 287 3
188 884 3
624 135 3
40 943 3
1361 114 3
215 229 3
844 846 2
30 229 0
83 130 3
421 880 3
245 468 2
96 289 3
246 778 3
510 879 3
807 880 3
560 694 3
577 856 3
144 1098 3
387 130 3
850 237 2
86 534 2
497 468 3
1318 254 3
766 336 2
475 224 0
54 58 0
297 168 3
347 2 2
1150 289 3
246 867 3
302 7 0
719 893 3
1435 1004 3
802 980 3
126 882 3
305 7 0
810 338 2
15 878 3
910 286 3
335 936 3
468 627 2
1344 289 3
463 855 3
491 166 0
261 291 3
732 1026 3
475 107 0
144 146 0
312 252 0
1386 854 3
127 597 3
329 1029 3
173 174 0
783 246 3
482 484 0
80 896 3
178 879 3
125 289 3
1358 520 3
497 83 3
71 185 3
890 891 3
96 709 3
630 229 2
17 81 0
797 694 3
541 291 3
813 741 3
342 116 2
172 405 0
270 424 3
180 516 2
58 990 3
516 180 3
246 222 2
205 880 3
18 902 3
417 869 3
442 792 2
281 879 3
71 291 3
21 726 2
166 694 3
752 869 3
55 627 2
272 903 3
378 380 0
712 475 3
115 1422 3
840 855 3
304 7 0
54 660 3
1454 1437 4
492 1329 3
898 879 3
1272 879 3
732 893 3
525 414 2
516 719 3
279 36 0
65 978 3
107 229 2
64 114 3
336 317 3
686 680 3
229 65 2
310 1160 3
261 263 0
32 7 0
261 103 0
282 903 3
602 854 3
335 868 3
1359 1447 4
475 135 3
714 489 2
1386 856 3
554 554 0
15 1157 3
1390 130 3
80 510 2
1135 867 3
167 2 0
442 41 2
368 289 3
1386 818 0
246 1076 3
853 694 3
750 1277 3
1322 856 3
47 227 0
677 1029 3
569 549 2
819 468 2
382 1069 3
820 855 3
492 233 2
853 1121 3
602 1019 3
677 314 3
335 74 0
170 1103 3
229 778 2
719 510 2
338 468 2
57 922 3
228 140 2
229 856 3
246 866 3
133 962 3
18 69 3
84 468 2
332 335 0
483 630 3
778 1043 3
475 224 0
6 694 3
245 233 2
530 991 3
225 213 3
1356 866 3
491 495 0
175 1108 3
1386 185 3
451 738 3
119 879 3
180 654 2
845 1131 3
18 938 3
332 333 0
615 65 2
69 15 0
110 977 3
460 879 3
1202 867 3
310 1499 3
1106 1514 3
1081 130 3
662 895 3
138 941 3
722 574 3
886 887 3
234 235 0
207 856 3
558 1047 3
1142 1143 3
722 1036 3
342 226 2
54 56 0
434 1443 4
302 863 3
619 140 2
707 694 3
732 856 3
370 912 3
1202 1115 3
51 1063 3
505 506 0
51 1061 3
494 351 3
521 1398 3
76 191 2
504 600 3
251 287 3
333 1031 3
170 1103 3
255 510 3
558 289 3
17 289 3
604 65 2
480 654 3
542 877 3
850 860 3
370 694 3
166 995 3
454 254 3
145 1098 3
568 489 2
1242 903 3
357 869 3
568 904 3
117 18 0
424 399 2
1353 879 3
1404 864 3
575 547 3
369 904 3
21 1227 3
210 836 3
355 351 3
975 976 3
807 915 3
790 1387 3
144 1018 3
956 735 3
605 286 3
707 694 3
722 1464 3
200 415 2
251 561 2
813 735 3
15 944 3
425 997 3
521 887 3
494 925 3
821 822 2
1455 935 3
805 420 3
116 1134 3
21 130 3
485 865 3
124 1473 0
128 940 3
623 693 2
63 869 3
485 1043 3
655 496 2
29 65 2
624 904 3
358 1287 3
596 889 3
558 597 3
25 694 3
521 904 3
144 149 0
245 273 0
71 1 0
1051 929 3
55 274 0
302 1217 3
215 519 2
84 85 0
467 468 0
76 209 2
288 880 3
19 883 3
355 488 0
816 912 3
1081 879 3
144 1053 3
144 954 3
113 879 3
933 925 3
237 812 3
528 289 3
680 869 3
512 289 3
661 44 3
96 869 3
332 868 3
790 1510 3
1506 291 3
335 869 3
458 349 0
620 229 2
66 911 3
58 989 3
436 858 3
6 874 3
336 902 3
335 1157 3
465 441 3
825 827 2
783 65 3
58 819 3
14 41 0
555 733 3
553 855 3
1267 869 3
194 155 3
20 24 0
342 627 3
384 1 0
432 222 0
563 289 3
173 756 3
1266 694 3
30 283 2
575 289 3
1183 878 3
378 874 3
117 950 3
956 627 3
173 627 3
413 116 2
30 31 0
850 860 3
298 7 0
329 694 3
155 867 3
686 869 3
210 836 3
309 891 3
507 65 0
596 869 3
677 291 3
73 53 0
488 860 3
191 209 2
734 980 3
307 661 2
166 923 3
66 723 3
246 1178 3
739 977 3
475 334 0
783 449 3
175 1111 3
58 984 3
1070 1026 3
400 187 2
1404 879 3
255 130 3
619 130 3
354 124 0
19 884 3
452 735 3
810 338 2
1397 867 3
714 291 3
1081 694 3
237 65 2
808 879 3
547 289 3
99 65 0
613 120 3
1373 885 3
193 193 0
1318 1245 3
530 892 3
624 625 2
903 1028 3
814 475 3
903 291 3
90 93 0
619 104 2
332 1246 3
90 812 3
1042 998 3
60 65 0
1311 1038 3
212 65 0
84 594 2
362 7 0
662 1126 3
805 208 3
75 549 2
1402 981 3
759 869 3
803 806 2
95 39 0
71 287 3
40 879 3
627 935 3
806 116 2
569 291 3
229 264 3
232 663 3
310 935 3
627 1236 3
807 1363 3
602 854 3
706 355 2
200 283 2
753 135 3
133 962 3
1455 233 2
522 289 3
170 1026 3
133 135 0
73 1000 3
1266 865 3
553 863 3
110 904 3
162 164 0
145 1284 3
71 884 3
639 640 2
803 804 2
1142 1144 3
568 65 2
29 229 2
552 860 3
750 751 2
424 1255 3
254 10 3
62 125 3
372 375 0
326 432 3
21 1011 3
477 126 3
246 935 3
362 135 3
54 57 0
853 867 3
434 607 2
57 930 3
475 867 3
798 65 2
570 580 2
336 865 3
1042 904 3
310 778 3
131 1463 2
417 2 0
191 896 3
616 868 3
383 773 2
417 654 3
843 432 2
1442 1438 4
512 891 3
370 495 3
630 256 2
125 229 2
310 229 2
953 934 3
80 1010 3
65 980 3
707 893 3
378 45 2
1506 933 3
1386 264 3
230 705 2
355 877 3
577 158 2
613 555 2
14 17 0
175 176 0
1170 1069 3
1343 597 3
693 233 2
338 738 2
1153 185 3
43 44 0
677 441 3
58 926 3
686 351 3
547 156 0
125 286 2
434 762 3
560 1046 3
397 1478 3
510 694 3
51 396 3
332 733 2
595 114 3
230 131 3
178 2 2
813 735 3
829 135 3
144 149 2
525 835 2
1257 1259 3
156 879 3
354 884 3
185 869 3
1359 903 3
335 291 3
15 869 3
1383 185 3
1311 119 3
18 289 3
191 1025 3
1343 1026 3
362 694 3
822 950 3
464 130 3
436 1178 3
770 600 3
1233 694 3
509 1391 3
166 1026 3
71 1002 3
944 877 3
119 120 0
15 709 3
170 867 3
302 475 3
722 721 3
362 977 3
494 1432 3
542 1365 3
595 879 3
753 578 2
770 1138 3
63 1262 3
414 120 0
815 817 2
281 567 3
1313 971 3
145 971 3
90 1021 3
554 869 3
436 290 3
80 1011 3
1390 962 3
382 334 2
559 877 3
1087 1089 3
575 867 3
171 133 3
358 694 3
711 697 2
432 116 2
579 233 2
135 962 3
302 859 3
246 351 3
1426 879 3
175 2 0
1257 599 3
246 113 3
774 607 2
968 865 3
15 597 3
1357 65 3
1383 1383 0
825 826 2
123 860 3
29 904 3
722 431 3
51 1023 3
335 396 3
10 11 0
237 289 3
246 83 3
1087 1091 3
820 528 2
728 884 3
29 468 2
1162 289 3
71 74 0
18 39 0
107 25 3
13 7 0
312 313 0
616 869 3
52 866 3
1318 424 3
335 860 3
185 668 2
497 627 3
340 741 2
1299 878 3
90 1026 3
489 627 3
346 1215 3
17 954 3
569 694 3
8 876 3
629 939 3
1278 945 3
110 229 3
52 53 0
1219 302 0
464 120 0
874 663 3
302 597 3
487 694 3
424 627 2
123 616 2
429 783 2
296 65 2
849 2 3
1100 867 3
409 114 3
115 1424 3
451 7 0
413 116 2
175 1112 3
494 879 3
1397 867 3
498 334 2
1304 878 3
8 355 2
492 1222 3
362 1292 3
816 1166 3
228 468 2
1202 880 3
84 749 3
763 578 2
530 856 3
245 31 0
508 897 3
759 620 3
870 863 3
0 289 3
630 291 3
521 1105 3
177 867 3
1042 635 3
1042 895 3
712 694 3
797 694 3
135 133 3
639 335 2
175 2 0
721 791 3
541 879 3
439 1125 3
229 904 3
467 338 0
531 531 3
1376 869 3
1156 869 3
297 7 0
757 2 2
84 446 3
490 65 0
333 233 2
442 793 2
237 238 0
358 911 3
378 468 2
712 854 3
281 233 2
661 867 3
560 578 2
204 1 0
296 229 2
455 1054 3
45 47 0
1502 1502 0
335 1004 3
568 694 3
764 65 2
619 617 2
57 1440 4
8 559 2
570 1071 3
619 747 2
333 233 2
228 283 2
307 1006 3
813 1164 3
325 65 2
246 680 3
172 856 3
31 819 3
279 892 3
258 259 0
1275 867 3
170 901 3
707 284 3
25 26 0
418 138 0
442 786 2
630 869 3
482 7 0
532 533 0
213 1129 3
681 965 3
246 892 3
759 1084 3
1242 680 3
1460 856 3
1274 891 3
898 880 3
55 468 2
742 743 2
123 144 2
52 733 3
213 399 2
340 962 3
1267 289 3
369 1027 3
613 869 3
492 233 2
264 267 0
1476 1476 0
732 856 3
18 939 3
1426 879 3
1376 869 3
579 935 3
173 689 3
237 869 3
674 291 3
1269 1271 3
51 441 3
975 836 3
497 452 3
753 158 2
347 2 2
281 812 3
1119 254 3
296 120 3
184 187 0
1106 1365 3
282 903 3
281 567 3
532 533 0
624 83 3
58 921 3
114 988 3
196 1481 3
844 246 2
326 694 3
688 689 2
1170 970 3
630 631 2
472 289 3
1469 752 3
29 895 3
1081 120 3
910 694 3
553 135 3
757 391 2
1343 1026 3
434 432 2
309 997 3
442 903 3
58 819 3
482 373 0
55 196 2
58 2 2
207 289 3
595 1199 3
406 1024 3
69 867 3
467 903 3
6 121 3
530 764 3
90 92 0
302 904 3
159 160 0
1087 630 3
657 468 2
742 120 3
757 627 3
14 16 0
898 901 3
86 289 3
707 868 3
508 231 0
1156 1156 0
581 233 2
321 322 0
229 863 3
113 694 3
229 135 3
475 627 3
378 379 0
400 971 3
184 166 2
657 334 2
229 405 0
296 941 3
853 299 2
1404 867 3
509 463 0
778 1209 3
1357 185 3
40 878 3
436 804 3
770 1140 3
1402 879 3
31 1297 3
90 289 3
448 391 0
568 115 2
80 81 0
577 569 2
178 179 0
721 856 3
475 694 3
681 799 3
383 856 3
332 803 3
18 121 3
417 895 3
37 889 3
739 291 3
71 65 2
125 869 3
1417 1346 3
416 229 3
712 856 3
558 278 3
530 1064 3
332 224 0
196 300 2
704 334 2
563 857 3
805 986 3
522 289 3
113 116 0
432 359 0
18 764 3
129 7 0
6 7 0
780 878 3
358 133 3
794 1121 3
418 138 0
336 898 3
444 869 3
185 669 2
355 475 3
722 920 3
368 965 3
286 399 3
709 863 3
1087 897 3
734 83 3
131 83 2
819 83 2
55 904 3
20 858 3
798 358 2
76 55 2
62 63 0
475 246 0
196 962 3
968 933 3
173 125 3
126 73 0
630 399 2
240 241 0
413 250 0
369 856 3
568 879 3
541 2 0
302 879 3
84 65 2
302 475 3
492 491 3
1135 865 3
310 887 3
677 185 3
335 1157 3
706 595 2
596 597 2
37 130 3
613 614 2
76 55 2
15 902 3
335 121 3
434 597 3
317 551 2
657 880 3
468 173 2
86 601 2
58 998 3
510 1080 3
1426 939 3
432 135 3
302 869 3
555 1005 3
559 860 3
255 719 3
596 869 3
362 1443 4
563 569 2
58 994 3
17 130 3
144 140 2
815 815 0
975 289 3
898 879 3
870 398 3
162 983 3
528 1411 3
117 118 0
416 120 0
485 954 3
627 1164 3
281 20 2
347 299 2
569 287 3
432 1181 3
144 145 2
37 351 3
498 1045 3
831 874 3
35 892 3
133 904 3
547 898 3
139 950 3
732 289 3
1087 1090 3
765 625 2
568 1084 3
170 336 2
681 970 3
581 590 2
309 1226 3
489 1165 3
335 867 3
362 856 3
774 1082 3
774 965 3
8 130 3
170 650 2
805 1116 3
358 362 0
1061 291 3
69 938 3
125 291 3
491 496 0
55 1365 3
452 453 0
1455 627 3
464 7 0
770 311 3
717 229 2
630 27 2
446 689 3
261 877 3
296 879 3
608 609 2
144 1020 3
142 41 0
1202 879 3
603 338 2
286 1043 3
528 1412 3
19 885 3
1304 1026 3
560 2 3
185 619 2
432 135 3
1402 516 3
560 578 2
362 926 3
162 140 2
63 107 0
171 962 3
577 855 3
51 1063 3
255 719 3
246 1027 3
750 759 2
757 875 3
770 334 3
51 1067 3
214 940 3
286 904 3
677 1342 3
558 475 3
66 866 3
463 81 0
1383 868 3
167 36 0
284 277 0
630 638 2
1274 756 3
440 83 3
410 7 0
491 424 0
182 879 3
760 289 3
86 551 2
269 289 3
102 291 3
813 110 3
531 531 3
728 729 2
102 103 0
205 912 3
321 125 0
21 1489 3
616 130 3
415 140 2
254 255 0
246 468 2
341 860 3
521 1045 3
1409 879 3
1349 896 3
104 627 3
184 986 3
935 812 3
1101 868 3
188 660 3
429 311 3
805 950 3
167 879 3
104 291 3
281 1508 0
15 1026 3
228 1060 2
850 233 2
321 323 0
1356 867 3
840 709 3
333 291 3
358 971 3
494 873 3
191 16 0
1106 1513 0
115 1449 4
110 1481 3
144 844 3
424 873 3
138 1082 3
819 140 2
778 1009 3
1184 1185 3
51 992 3
417 895 3
333 680 3
1242 1103 3
69 39 0
1269 1270 3
173 227 3
31 1296 3
362 196 3
436 950 3
76 969 3
763 855 3
674 289 3
1042 869 3
242 409 2
145 114 3
200 290 3
706 475 3
102 867 3
844 468 2
204 130 2
15 874 3
162 1102 3
497 935 3
198 1078 3
116 857 3
58 939 3
400 1284 3
281 885 3
497 998 3
55 229 2
630 516 2
596 1016 3
578 311 3
286 74 0
870 229 3
156 868 3
953 446 3
114 889 3
400 1309 3
568 291 3
350 889 3
123 617 2
623 689 2
175 887 3
563 84 2
840 896 3
512 1230 3
512 597 3
276 277 0
850 851 2
71 65 2
560 130 3
90 93 0
31 1295 3
508 2 0
532 694 3
752 860 3
1151 1152 3
510 561 2
760 229 3
532 514 0
0 856 3
418 419 0
454 211 0
530 991 3
560 1044 3
525 287 3
432 977 3
569 291 3
436 1193 3
175 1014 3
640 694 3
488 877 3
336 1250 3
90 873 3
51 351 3
844 468 2
778 1210 3
728 291 3
258 260 0
210 211 0
58 987 3
237 1123 3
491 270 0
630 638 2
121 950 3
870 855 3
65 738 3
465 879 3
719 1103 3
825 140 2
479 973 3
721 140 2
1106 695 0
953 879 3
312 50 0
475 803 3
1349 694 3
803 224 2
1219 1515 0
494 875 3
216 217 0
121 1056 3
55 987 3
200 1444 4
794 58 2
123 1057 3
15 41 0
336 756 3
619 576 2
246 1093 3
680 1029 3
1505 0 3
254 1192 3
369 7 0
778 935 3
15 185 3
71 289 3
55 630 3
125 289 3
243 246 0
184 137 0
17 185 3
225 856 3
778 1178 3
80 654 3
6 859 3
775 1320 3
347 348 0
657 65 2
126 127 0
1392 432 3
541 2 0
272 140 2
370 371 0
1042 867 3
58 7 0
563 567 2
309 903 3
661 950 3
203 88 0
261 238 0
135 133 3
251 713 2
115 875 3
563 565 2
110 935 3
497 452 3
335 627 3
492 863 3
110 935 3
296 1243 3
494 424 3
403 654 3
173 1107 3
763 1447 4
630 291 3
329 936 3
45 859 3
80 855 3
381 940 3
184 187 0
276 1064 3
655 158 2
554 289 3
424 998 3
485 602 2
173 627 3
1366 897 3
51 223 2
412 411 3
816 1165 3
708 578 2
596 868 3
418 875 3
1290 1099 3
728 1234 3
307 991 3
359 7 0
639 488 2
397 7 0
378 45 2
752 860 3
246 939 3
65 867 3
518 892 3
613 869 3
547 41 0
416 233 2
1404 1031 3
184 100 2
475 270 0
1404 879 3
802 83 3
29 694 3
242 879 3
558 1219 3
175 859 3
125 295 0
417 289 3
55 536 3
246 351 3
314 398 3
1094 856 3
245 65 2
314 911 3
162 164 0
807 864 3
322 989 3
802 627 3
302 804 3
175 879 3
191 940 3
0 1 0
956 627 3
177 289 3
55 524 0
432 1292 3
674 185 3
578 1069 3
1081 654 3
765 935 3
280 281 0
392 394 0
910 135 3
463 338 0
418 420 0
125 1005 3
228 699 2
63 291 3
110 233 2
115 298 3
370 863 3
1104 879 3
310 1178 3
542 869 3
372 836 3
90 938 3
798 7 2
47 226 0
763 903 3
123 868 3
510 896 3
769 976 3
1042 1481 3
281 1509 2
750 568 2
251 892 3
1202 867 3
494 1284 3
1289 351 3
330 331 0
156 880 3
545 1420 3
261 334 2
205 864 3
903 879 3
336 1216 3
58 985 3
509 2 0
55 324 0
124 1005 3
307 661 2
759 65 2
332 962 3
358 935 3
231 1446 4
1343 901 3
319 31 2
337 65 0
326 977 3
1251 468 2
509 512 0
203 597 3
47 227 0
760 573 2
142 158 0
953 857 3
115 346 3
1409 879 3
728 52 2
850 868 3
83 1236 3
542 892 3
302 867 3
602 694 3
1054 941 3
610 610 2
719 1026 3
18 120 3
852 654 3
52 126 3
270 1472 0
467 1064 3
228 209 2
0 135 3
184 55 0
542 130 3
246 222 2
65 999 3
352 879 3
58 906 3
418 36 0
798 494 2
362 130 3
569 869 3
903 901 3
102 291 3
686 856 3
86 89 0
107 65 2
350 351 0
657 336 2
392 395 0
1383 865 3
255 720 3
509 895 3
83 911 3
184 1115 3
429 380 0
775 776 2
35 875 3
18 121 3
1389 929 3
639 115 2
569 468 2
107 867 3
807 880 3
52 942 3
968 805 3
1506 289 3
619 185 3
752 130 3
355 1058 3
1318 935 3
80 114 3
623 336 2
1299 71 3
196 895 3
383 977 3
739 895 3
191 192 0
284 1206 3
798 875 3
185 677 2
198 859 3
1383 1437 4
314 978 3
1219 0 0
459 98 0
63 910 3
553 864 3
288 457 0
953 866 3
780 694 3
175 125 0
71 126 3
753 977 3
170 516 2
213 684 2
246 844 3
521 522 0
874 1054 3
1311 119 3
335 903 3
66 7 0
104 694 3
1290 1018 3
819 473 2
123 619 2
251 252 0
416 1105 3
1388 83 3
1051 627 3
336 281 3
162 162 3
392 394 0
508 2 0
384 289 3
332 962 3
852 1443 4
340 626 2
602 1017 3
689 916 3
232 233 0
850 130 3
870 863 3
64 973 3
494 1237 3
1366 1367 3
3 289 3
485 613 2
424 627 2
542 859 3
296 120 3
145 954 3
239 291 3
121 940 3
432 221 0
400 997 3
1386 289 3
1404 289 3
416 895 3
55 415 2
358 971 3
17 257 0
125 468 2
425 863 3
677 130 3
819 65 2
798 55 2
512 743 3
58 983 3
359 2 0
725 1005 3
464 289 3
314 287 3
58 83 3
307 299 0
624 867 3
65 939 3
288 879 3
425 627 3
17 1045 3
83 694 3
803 804 2
778 1009 3
819 624 2
173 723 3
114 1012 3
17 1098 3
55 805 3
442 187 2
58 873 3
1459 41 0
63 168 3
499 494 2
432 1292 3
173 47 3
1357 1193 3
849 2 3
332 351 3
753 895 3
472 11 0
51 660 3
335 458 3
15 879 3
317 868 3
342 680 3
845 20 3
71 1004 3
332 1027 3
90 936 3
707 547 3
415 904 3
630 527 2
359 351 3
83 939 3
382 772 2
485 185 3
246 857 3
333 328 2
302 581 3
416 134 3
358 135 3
443 865 3
123 618 2
425 1287 3
497 233 2
55 65 2
400 969 3
90 905 3
30 29 3
1436 1437 4
639 640 2
286 912 3
475 1297 3
225 475 3
208 2 0
65 291 3
534 867 3
31 856 3
456 1351 3
802 110 3
270 1027 3
463 743 3
112 977 3
261 103 0
310 229 2
461 879 3
220 224 0
350 351 3
436 1045 3
246 361 2
362 196 3
29 229 2
107 1028 3
1059 86 3
692 1005 3
599 600 2
346 168 3
640 869 3
335 796 3
245 135 3
525 989 3
837 443 3
815 98 2
494 1256 3
734 351 3
1386 694 3
458 120 3
526 965 3
302 110 3
57 873 3
440 223 2
58 208 3
1386 859 3
362 229 3
125 295 0
553 866 3
115 346 3
1498 1498 0
58 903 3
309 891 3
18 879 3
512 336 2
342 627 3
616 468 2
563 291 3
1455 879 3
268 117 3
130 74 0
104 107 0
616 289 3
251 252 0
64 114 3
197 962 3
505 694 3
1242 743 3
133 416 2
547 338 2
1318 892 3
246 441 3
229 950 3
1086 879 3
483 867 3
346 289 3
15 939 3
204 130 2
739 860 3
629 1037 3
335 130 3
107 666 2
254 1154 3
15 867 3
819 494 2
512 1011 3
61 138 3
769 1069 3
307 940 3
803 806 2
166 945 3
31 680 3
61 7 0
309 983 3
494 1043 3
808 879 3
124 125 0
306 1006 3
1110 973 3
346 215 3
1219 512 0
814 289 3
494 660 3
468 251 2
956 960 3
220 223 0
624 1042 3
820 1385 3
314 1251 3
639 694 3
350 562 3
509 463 0
552 733 3
329 889 3
1350 903 3
144 21 0
0 549 2
432 1012 3
444 549 2
368 2 0
499 65 2
0 2 0
237 1171 3
29 856 3
246 1014 3
894 694 3
43 952 3
31 1298 3
84 251 2
434 903 3
629 694 3
296 140 2
333 962 3
490 65 0
84 20 2
173 819 3
58 694 3
870 873 3
886 884 3
1333 1334 3
1274 429 3
215 229 2
272 468 2
104 287 3
1257 599 3
415 65 2
1318 114 3
71 694 3
358 869 3
807 1362 3
1260 694 3
335 121 3
761 1064 3
383 1448 4
245 694 3
742 21 2
525 1002 3
312 1193 3
245 1197 3
1233 694 3
903 1064 3
757 55 2
362 1175 3
424 427 0
286 869 3
1390 904 3
499 140 2
205 120 3
177 868 3
75 65 0
798 65 2
1357 819 3
444 291 3
90 1022 3
144 645 2
173 911 3
829 65 2
483 869 3
508 1453 4
1390 130 3
616 559 2
417 867 3
1235 1076 3
228 291 3
173 867 3
444 445 0
467 895 3
540 211 0
168 875 3
910 286 3
657 424 2
429 430 0
442 300 0
1487 110 3
1454 1437 4
679 694 3
215 336 2
57 660 3
302 879 3
246 1166 3
1257 993 3
510 654 3
1386 597 3
850 351 3
1156 289 3
494 903 3
47 463 2
76 229 2
128 1 0
327 328 0
1468 1468 0
739 1122 3
1041 971 3
342 1262 3
765 626 2
579 934 3
953 858 3
596 1015 3
510 856 3
185 863 3
43 468 2
21 1131 3
1459 867 3
605 869 3
358 627 3
286 1211 3
516 893 3
1343 654 3
302 716 3
680 338 2
15 351 3
552 468 2
569 869 3
230 1164 3
203 867 3
213 416 2
568 229 3
173 47 3
338 737 2
424 57 0
1379 289 3
58 630 3
844 934 3
417 868 3
362 980 3
286 291 0
487 876 3
616 289 3
116 934 3
1393 1064 3
83 904 3
1506 694 3
107 665 2
170 289 3
547 170 2
803 224 2
52 289 3
169 38 0
367 132 0
545 903 3
910 904 3
133 134 0
335 694 3
177 897 3
168 7 0
605 291 3
314 2 3
703 144 2
131 627 2
21 417 3
246 985 3
627 812 3
407 965 3
488 130 3
234 235 0
312 315 0
47 859 3
661 44 3
444 661 2
543 544 0
475 329 0
251 366 2
228 698 2
84 595 2
521 863 3
90 1021 3
329 2 3
559 1030 3
1345 764 3
333 904 3
123 856 3
144 146 2
255 654 3
568 1006 3
170 654 3
96 709 3
333 1027 3
499 503 0
730 1325 3
542 970 3
175 289 3
521 171 0
96 1033 3
414 71 2
779 780 2
903 286 3
831 742 2
552 351 3
485 863 3
183 268 3
757 245 2
732 694 3
236 229 3
296 731 2
516 547 3
739 869 3
1156 185 3
494 971 3
1404 1219 3
619 859 3
144 1095 3
355 860 3
21 1131 3
115 1424 3
110 856 3
559 351 3
183 120 0
384 896 3
228 31 0
168 935 3
1041 110 3
910 912 3
173 911 3
779 781 2
494 1429 3
229 778 2
104 606 2
1081 895 3
251 694 3
1433 243 3
71 887 3
479 1005 3
521 904 3
894 261 3
542 933 3
298 50 0
90 977 3
1267 289 3
183 940 3
1373 945 3
173 491 3
71 120 3
255 291 3
370 47 3
55 867 3
1352 867 3
30 1080 3
409 916 3
516 547 3
71 593 2
413 864 3
226 468 2
362 1288 3
71 1000 3
1170 970 3
180 903 3
497 110 3
229 291 3
382 208 3
641 166 2
327 226 0
52 858 3
58 805 3
674 185 3
475 1027 3
778 1178 3
144 151 2
1238 289 3
55 950 3
516 170 3
816 878 3
492 1164 3
382 1069 3
1386 1045 3
327 965 3
619 21 2
84 581 3
516 893 3
58 592 2
527 209 0
429 784 2
41 120 3
814 551 2
714 860 3
1415 654 3
191 1025 3
144 140 2
191 50 2
297 130 3
568 569 2
338 65 2
156 694 3
780 880 3
436 892 3
400 1222 3
52 126 3
894 876 3
681 660 3
317 882 3
820 896 3
844 334 2
1357 1285 3
90 962 3
336 289 3
55 31 2
1433 1434 3
90 991 3
65 351 3
714 680 3
770 351 3
363 694 3
581 246 2
21 300 3
1307 933 3
552 859 3
341 262 0
432 1339 3
155 1043 3
357 1085 3
225 7 0
432 222 2
714 115 2
725 289 3
358 135 3
338 94 2
770 1138 3
346 950 3
483 905 3
246 592 1
494 1283 3
185 670 2
184 805 3
329 475 3
170 289 3
497 1331 3
21 1011 3
191 97 0
497 1331 3
458 439 0
1214 1025 3
329 752 3
358 1443 4
722 1037 3
558 867 3
237 261 3
1204 323 3
30 468 2
910 913 3
45 48 0
475 50 2
213 322 2
90 1022 3
31 120 3
596 868 3
852 903 3
497 929 3
680 860 3
443 879 3
115 856 3
1307 863 3
778 694 3
30 29 3
57 1439 4
578 1332 3
0 417 2
254 864 3
619 574 2
442 668 2
752 868 3
575 289 3
177 869 3
58 951 3
1459 289 3
231 1446 4
13 289 3
825 879 3
115 923 3
509 895 3
170 897 3
138 879 3
191 867 3
579 935 3
898 547 3
366 713 3
102 65 2
173 344 2
116 1461 3
1402 1342 3
424 425 0
84 595 2
1455 694 3
390 391 0
367 627 2
281 880 3
63 389 0
1377 879 3
1156 1493 2
759 114 3
708 661 2
245 869 3
27 905 3
18 130 3
302 29 3
102 103 0
332 627 3
630 231 2
547 289 3
15 284 3
168 879 3
760 135 3
342 1264 3
166 1157 3
619 286 3
492 496 2
125 1005 3
494 660 3
104 226 2
45 6 0
821 823 2
310 1178 3
677 1188 3
125 869 3
162 649 2
96 867 3
248 884 3
602 602 0
64 974 3
830 255 2
51 71 3
1008 738 3
144 694 3
467 561 2
677 954 3
184 158 2
121 268 3
58 121 3
512 65 2
194 65 2
630 286 2
369 694 3
575 879 3
613 130 3
370 962 3
760 1088 3
623 940 3
465 74 0
1202 902 3
73 884 3
460 462 0
1081 856 3
488 291 3
840 709 3
494 636 3
329 866 3
655 977 3
417 1 0
15 1026 3
608 958 3
1386 1047 3
555 264 3
753 140 2
1386 879 3
29 576 2
480 551 2
243 245 0
245 879 3
73 1003 3
135 904 3
494 1308 3
1383 954 3
52 291 3
686 130 3
456 1351 3
528 521 3
15 1159 3
268 233 2
142 41 0
680 714 2
910 911 3
71 120 3
1041 83 3
640 799 3
237 860 3
534 39 0
1402 1011 3
545 694 3
1051 871 3
662 885 3
79 39 0
575 892 3
479 114 3
302 346 3
417 654 3
302 936 3
403 404 0
829 133 3
215 16 0
125 879 3
525 74 0
604 334 2
397 1026 3
369 264 3
322 963 3
215 225 2
354 291 3
750 973 3
890 891 3
468 246 2
110 229 3
805 971 3
231 897 3
560 1045 3
261 130 3
1153 130 3
297 1171 3
329 1037 3
65 694 3
123 335 2
31 1029 3
29 283 2
242 120 0
17 81 0
302 114 3
681 887 3
169 291 3
159 160 0
575 597 3
1386 1098 3
477 943 3
183 120 0
145 892 3
175 1014 3
1219 50 0
1455 246 2
475 2 2
314 1252 3
416 7 0
521 1400 3
71 874 3
71 1003 3
417 120 3
1313 892 3
184 191 2
155 289 3
80 1009 3
228 200 2
477 885 3
479 836 3
155 41 0
545 7 0
302 1215 3
248 250 0
483 836 3
552 858 3
415 468 2
237 38 0
15 882 3
309 987 3
1042 939 3
794 65 2
467 1031 3
819 985 3
268 299 2
372 377 0
246 1175 3
314 731 3
306 75 0
340 836 3
475 270 0
465 879 3
968 867 3
613 694 3
620 859 3
837 876 3
29 1438 4
485 144 2
634 869 3
309 309 2
347 1265 3
121 1055 3
177 203 3
237 892 3
1114 694 3
630 80 2
173 20 3
358 856 3
354 124 0
725 229 2
230 625 2
528 1217 3
194 869 3
790 185 3
541 1113 3
173 446 3
1311 1312 3
1235 532 3
1469 879 3
443 1240 3
1373 876 3
180 181 0
479 229 3
175 884 3
801 514 2
119 879 3
403 1323 3
1235 832 3
783 1138 3
416 31 0
124 175 3
1300 904 3
261 130 3
191 39 0
261 869 3
65 863 3
1070 867 3
418 421 0
442 100 2
310 310 3
346 7 0
844 334 2
542 289 3
1372 916 3
90 859 3
811 623 2
246 903 3
807 1363 3
497 879 3
527 630 3
444 65 2
870 871 3
1386 289 3
492 83 3
1359 1451 4
288 1354 3
452 1331 3
191 41 0
309 892 3
825 140 2
302 289 3
563 71 2
569 468 2
302 120 3
728 73 2
350 291 3
1060 892 3
1070 1026 3
182 289 3
41 41 0
166 1250 3
200 694 3
29 895 3
367 83 2
414 989 3
37 921 3
333 869 3
509 513 0
825 65 2
342 345 0
107 694 3
237 130 3
397 694 3
414 1005 3
559 351 3
207 895 3
246 424 3
416 468 2
732 879 3
302 977 3
853 65 2
170 694 3
461 2 3
417 140 2
619 680 3
440 724 2
90 191 3
1247 130 3
542 286 3
605 130 3
355 868 3
831 1001 3
451 7 0
1404 868 3
811 623 2
18 83 3
750 973 3
125 292 0
629 939 3
774 578 2
1087 960 3
71 859 3
358 911 3
485 869 3
17 130 3
509 512 0
213 244 3
704 856 3
229 1084 3
488 130 3
783 1139 3
357 291 3
18 867 3
579 867 3
302 868 3
714 328 2
470 233 2
383 137 0
64 65 0
1484 1484 0
141 991 3
542 867 3
355 475 3
65 911 3
717 859 3
1153 868 3
133 904 3
1042 874 3
185 149 2
458 120 3
107 1129 3
641 166 2
542 336 2
178 120 0
51 1061 3
528 521 3
58 66 2
175 868 3
144 687 3
230 626 2
178 65 2
602 1018 3
73 130 3
205 206 0
6 121 3
1326 289 3
229 869 3
677 468 2
604 158 2
518 891 3
204 336 2
29 694 3
317 318 0
494 208 3
104 868 3
554 130 3
847 884 3
255 860 3
778 1208 3
246 912 3
1357 168 3
783 950 3
721 868 3
166 1285 3
604 140 2
231 2 0
509 80 0
269 899 3
712 607 2
15 15 0
21 859 3
465 441 3
390 391 0
73 885 3
128 1073 3
847 2 2
226 468 2
13 289 3
296 694 3
1471 1471 0
486 1115 3
805 983 3
1402 417 3
207 895 3
480 336 2
615 140 2
819 492 2
86 534 2
630 475 2
104 106 0
281 336 2
31 229 2
83 856 3
1340 663 3
340 1256 3
228 229 0
837 130 2
281 567 3
170 893 3
171 229 2
168 289 3
175 1085 3
173 1106 3
144 868 3
57 491 3
144 615 3
1383 694 3
415 334 2
297 876 3
366 229 3
581 585 2
679 597 3
693 880 3
342 1263 3
302 738 3
362 892 3
1042 856 3
86 879 3
452 491 3
578 1076 3
1059 1503 0
354 317 0
475 1244 3
368 65 2
207 120 0
50 1273 3
494 1428 3
279 875 3
43 950 3
1156 351 3
213 2 0
1376 130 3
21 743 3
125 286 0
62 229 3
407 906 3
784 799 3
1402 597 3
840 841 2
112 904 3
516 654 3
20 21 0
173 287 3
619 745 2
90 291 3
510 1077 3
340 989 3
170 893 3
69 65 2
819 233 2
499 500 0
455 384 2
37 892 3
815 551 2
155 39 0
18 869 3
135 635 3
245 291 3
538 539 0
541 291 3
717 869 3
255 2 2
268 1 0
19 20 3
296 476 2
245 859 3
61 964 3
54 55 0
154 889 3
205 879 3
57 868 3
208 420 3
302 1218 3
215 973 3
914 917 3
131 628 2
40 941 3
837 120 3
903 654 3
568 229 2
6 120 3
1358 520 3
322 884 3
712 2 3
619 120 3
1318 130 3
1361 114 3
619 869 3
3 1 0
677 796 2
536 142 0
232 663 3
90 940 3
415 986 3
333 1029 3
1221 198 3
17 869 3
1386 1014 3
850 233 2
620 859 3
229 819 3
624 904 3
71 982 3
604 578 2
706 686 2
1041 635 3
800 336 2
269 120 3
416 962 3
1404 168 3
55 991 3
406 859 3
541 130 3
1469 224 3
13 7 0
15 903 3
213 682 2
29 233 2
51 520 3
397 873 3
1383 869 3
359 351 3
21 417 3
595 880 3
482 137 0
778 935 3
706 468 2
10 597 3
71 660 3
58 988 3
340 1255 3
522 895 3
706 942 3
577 521 3
314 252 0
406 380 0
62 351 3
107 869 3
898 900 3
1048 458 3
1402 903 3
1235 1076 3
554 185 3
662 663 2
1278 1279 3
246 868 3
281 899 3
903 879 3
634 869 3
362 581 3
479 1085 3
578 1069 3
463 654 3
425 903 3
724 724 1
196 140 2
748 335 2
847 1005 3
475 135 3
172 1394 3
810 895 3
483 905 3
64 973 3
14 878 3
641 644 2
237 962 3
71 73 0
354 125 0
1379 868 3
182 879 3
321 125 0
185 669 2
32 338 3
65 71 3
191 867 3
521 140 2
1086 878 3
1081 289 3
1494 1494 0
302 875 3
236 891 3
80 1012 3
497 812 3
734 650 3
304 1224 3
372 27 0
198 694 3
1426 875 3
58 993 3
25 7 0
261 38 0
232 233 0
519 7 0
956 83 3
314 283 3
248 249 0
456 53 0
362 246 3
146 7 0
269 270 0
432 221 0
494 1115 3
778 300 3
59 291 3
456 289 3
35 289 3
368 2 0
616 351 3
555 877 3
166 1047 3
783 1137 3
382 771 2
326 733 3
688 1147 3
816 864 3
798 55 2
805 311 3
797 927 3
575 654 3
362 935 3
1051 879 3
268 183 3
742 468 2
15 694 3
286 694 3
315 312 3
302 902 3
114 1093 3
640 2 3
255 2 2
657 57 2
196 197 0
498 695 2
125 294 0
18 873 3
442 667 2
849 289 3
182 289 3
115 694 3
619 889 3
455 874 3
1383 892 3
452 496 2
461 120 3
155 289 3
461 880 3
239 185 2
759 867 3
1142 1143 3
123 869 3
575 896 3
336 694 3
83 694 3
282 1205 3
581 591 2
470 290 2
505 627 3
512 289 3
63 291 3
142 101 0
465 885 3
575 654 3
468 935 3
1042 856 3
825 879 3
121 565 2
8 558 2
521 1012 3
641 642 2
342 694 3
805 1283 3
254 878 3
1257 993 3
191 833 0
739 1028 3
125 296 0
302 895 3
707 892 3
717 859 3
820 895 3
86 879 3
253 65 0
542 864 3
483 879 3
268 496 2
1221 892 3
512 799 3
358 1288 3
783 1136 3
1233 866 3
545 546 0
822 836 3
521 856 3
415 536 3
1081 893 3
115 654 3
58 805 3
475 476 0
470 1059 3
1496 1115 3
177 170 3
874 879 3
1291 1067 3
245 962 3
532 514 0
358 627 3
1359 1360 3
722 629 3
831 985 3
185 694 3
578 76 3
693 694 2
521 1399 3
487 351 3
338 339 0
359 694 3
15 289 3
1219 16 0
460 461 0
1049 1050 3
63 107 0
442 443 0
136 137 0
655 140 2
400 1287 3
613 107 2
30 30 0
613 1053 3
512 694 3
543 544 0
1478 1478 3
19 858 3
246 134 3
32 909 3
65 713 2
229 1438 4
1278 1109 3
367 83 2
1376 680 3
475 803 3
467 329 0
335 168 3
629 694 3
727 1232 3
177 903 3
51 1066 3
498 223 0
417 1011 3
71 866 3
27 836 3
21 1229 3
281 65 2
794 416 2
172 1395 3
332 1192 3
280 879 3
425 1284 3
722 629 3
342 606 2
302 581 3
415 991 3
21 1151 3
171 131 2
429 45 3
169 694 3
406 407 0
368 874 3
25 574 2
528 528 0
719 21 2
662 873 3
483 904 3
230 1163 3
657 475 2
286 962 3
144 1018 3
479 1108 3
25 336 2
619 1113 3
282 7 0
760 135 3
58 892 3
624 626 2
18 867 3
558 1216 3
627 83 3
775 1026 3
421 120 0
268 284 2
15 879 3
610 611 2
463 1099 3
527 836 3
86 601 2
306 1225 3
1491 1491 0
406 46 0
558 868 3
1156 859 3
849 694 3
1269 1270 3
1242 1064 3
460 461 0
135 635 3
722 565 3
110 635 3
613 185 3
483 869 3
1110 974 3
366 252 0
819 416 2
596 289 3
264 265 0
55 925 3
32 875 3
276 289 3
254 581 3
436 1098 3
560 211 2
861 862 3
1341 879 3
819 55 2
135 29 3
51 198 3
554 555 2
643 1437 4
1416 114 3
579 233 2
113 939 3
239 709 2
770 1115 3
228 700 2
1364 1365 3
25 856 3
712 296 3
1170 536 3
361 246 3
302 921 3
1383 694 3
1048 639 3
196 135 0
214 1148 3
416 229 2
806 1375 3
805 993 3
55 229 2
416 977 3
498 221 0
254 880 3
188 1005 3
319 836 3
162 903 3
368 1 0
750 1276 3
355 130 3
403 1026 3
1455 491 3
188 71 3
58 992 3
480 601 3
98 912 3
707 654 3
180 255 2
29 869 3
80 895 3
1072 904 3
58 627 3
434 1064 3
213 640 2
378 45 0
1274 122 3
581 584 2
509 514 0
15 130 3
196 977 3
487 561 2
1090 879 3
774 2 3
728 19 2
171 172 0
545 892 3
144 153 2
833 833 0
568 973 3
208 209 0
1251 1511 0
1386 903 3
677 65 2
432 246 0
436 471 0
521 245 0
248 53 0
547 336 2
156 284 3
131 83 2
172 229 3
424 65 2
322 71 3
444 268 3
1195 1042 3
276 156 0
246 859 3
358 432 3
487 351 3
1459 884 3
175 54 0
18 879 3
432 981 3
37 130 3
494 983 3
575 868 3
831 833 2
1260 892 3
162 163 0
485 7 0
509 856 3
1042 959 3
641 643 2
191 16 0
138 1083 3
59 867 3
286 694 3
335 458 3
45 51 0
491 424 0
230 735 3
605 1043 3
728 73 2
575 551 2
1289 694 3
185 671 2
1364 1365 3
850 351 3
80 856 3
953 883 3
302 240 3
703 738 3
595 468 2
166 630 3
296 476 2
775 902 3
57 924 3
175 1003 3
1267 694 3
64 974 3
40 937 3
229 905 3
759 1302 3
162 903 3
177 289 3
107 920 3
10 880 3
805 903 3
475 1027 3
706 882 3
725 859 3
144 954 3
620 399 3
936 1368 3
1506 1507 0
0 289 3
254 255 0
711 901 3
246 977 3
456 289 3
819 57 2
813 929 3
268 41 0
491 497 0
525 664 2
536 537 0
17 555 2
759 973 3
436 1064 3
162 162 3
346 876 3
485 868 3
3 694 3
610 735 3
83 135 3
335 966 3
439 1124 3
110 939 3
1051 491 3
468 246 2
32 856 3
51 1069 3
630 950 3
8 560 2
1219 493 0
1087 663 3
69 516 2
361 246 3
512 179 3
1404 289 3
1496 289 3
175 291 3
117 268 3
1318 1319 3
1272 879 3
497 998 3
464 130 3
416 116 2
1195 738 3
491 929 3
123 289 3
849 868 3
1251 229 0
58 995 3
397 1026 3
302 694 3
662 858 3
417 83 3
73 1001 3
630 209 2
175 1113 3
721 158 2
177 1026 3
661 951 3
246 1180 3
1106 685 3
321 495 3
57 932 3
15 41 0
144 257 2
479 973 3
251 576 2
326 7 0
73 944 3
307 950 3
246 864 3
624 856 3
1142 971 3
489 694 3
90 994 3
276 1065 3
90 597 3
58 950 3
359 627 3
655 977 3
1041 962 3
90 880 3
721 334 2
835 884 3
180 1064 3
17 867 3
1195 135 3
131 132 0
140 869 3
489 1082 3
185 619 2
123 596 2
113 65 0
605 130 3
413 72 0
180 338 2
605 289 3
480 551 2
424 428 0
245 895 3
362 20 3
629 1037 3
1506 865 3
530 115 2
757 891 3
624 1461 3
65 723 3
534 869 3
497 735 3
429 430 0
509 21 0
107 1084 3
245 134 3
335 639 3
466 7 0
8 9 0
616 291 3
335 168 3
577 133 3
1289 935 3
243 244 0
693 551 2
67 68 0
837 351 2
333 1028 3
239 1085 3
805 986 3
298 638 3
522 1419 3
144 687 3
432 654 3
302 245 3
903 895 3
107 1043 3
1299 120 3
658 47 2
254 1191 3
753 962 3
239 709 2
55 903 3
542 65 2
568 114 3
616 559 2
214 1149 3
742 869 3
14 284 3
488 289 3
188 289 3
47 334 2
806 116 2
171 1105 3
216 217 0
1251 468 0
953 879 3
145 141 3
541 289 3
479 2 0
1289 130 3
82 83 0
482 320 0
800 65 2
760 1088 3
424 426 0
473 474 0
215 602 2
599 600 2
144 21 2
728 20 2
90 869 3
436 291 3
516 707 3
215 384 2
1242 654 3
805 630 3
124 125 0
442 328 2
619 869 3
640 911 3
569 561 2
432 438 0
281 120 3
798 879 3
521 171 0
378 47 2
254 120 3
480 289 3
1402 1064 3
816 1154 3
415 863 3
1356 864 3
90 91 0
619 737 2
246 870 3
51 970 3
463 81 0
162 991 3
384 289 3
1274 923 3
1242 510 3
739 1123 3
90 289 3
65 723 3
953 889 3
156 289 3
213 685 2
55 863 3
215 253 2
383 962 3
55 208 3
65 1043 3
578 1483 0
568 226 2
898 903 3
605 289 3
752 869 3
175 229 3
1356 865 3
246 904 3
1416 114 3
797 977 3
180 856 3
613 291 3
208 630 3
234 236 0
722 753 3
752 549 2
358 869 3
354 322 0
170 652 2
112 1438 4
714 291 3
362 940 3
1184 1185 3
83 133 3
630 373 2
125 294 0
494 903 3
820 856 3
306 308 0
90 868 3
432 435 0
185 677 2
276 575 0
336 536 3
110 290 3
839 879 3
32 903 3
73 53 0
1376 694 3
1357 168 3
180 140 2
416 405 0
58 856 3
640 2 3
734 291 3
1041 895 3
509 511 0
332 133 3
686 882 3
403 1322 3
914 916 3
362 977 3
888 889 3
1299 864 3
753 245 2
338 736 2
525 879 3
140 1251 3
407 965 3
719 694 3
248 53 0
329 334 3
406 408 0
73 869 3
198 199 0
803 409 2
717 135 3
170 654 3
527 869 3
83 959 3
491 59 0
332 694 3
215 489 2
1266 185 3
200 202 0
329 1177 3
57 928 3
57 922 3
512 334 2
509 896 3
355 487 0
547 597 3
719 935 3
498 130 3
110 135 3
1409 45 3
707 284 3
123 617 2
521 310 2
21 856 3
125 293 0
55 840 0
1366 630 3
452 491 3
14 289 3
1386 185 3
914 915 3
516 289 3
166 902 3
429 1337 3
333 291 3
231 904 3
1372 893 3
1202 879 3
57 229 2
62 967 3
184 39 2
764 536 3
837 1000 3
1386 203 3
239 399 2
487 291 3
843 432 2
432 916 3
66 287 3
338 739 2
347 536 3
340 625 2
17 101 0
759 620 3
336 1249 3
1101 289 3
400 83 3
184 100 2
521 1398 3
297 291 3
366 30 2
528 289 3
1168 1501 4
498 868 3
228 950 3
1221 635 3
10 880 3
568 865 3
1052 836 3
840 1011 3
255 170 3
397 399 0
302 289 3
372 231 0
336 939 3
40 597 3
461 1193 3
57 926 3
208 168 0
25 26 2
558 1098 3
248 41 0
170 65 2
203 289 3
1214 289 3
185 892 3
196 135 3
429 431 0
314 576 3
558 854 3
268 940 3
362 1288 3
417 1014 3
473 615 2
494 693 3
1170 338 3
191 289 3
229 867 3
6 120 3
286 869 3
407 836 3
0 855 3
783 749 3
418 879 3
173 20 3
1506 271 0
127 885 3
629 866 3
956 83 3
1251 1508 2
362 1042 3
31 468 2
335 627 3
460 289 3
127 882 3
362 817 3
559 860 3
248 41 0
175 879 3
612 879 3
605 291 3
102 336 2
910 287 3
475 565 2
494 1431 3
1106 291 0
55 65 2
335 396 3
468 85 2
18 117 3
766 65 2
1117 1118 3
302 64 3
175 1473 0
421 879 3
1183 867 3
1404 1030 3
802 131 2
286 130 0
813 627 3
332 1027 3
191 70 0
415 229 0
184 805 3
569 281 3
627 879 3
417 694 3
722 836 3
424 927 3
455 289 3
757 55 2
563 571 2
107 125 2
1356 553 3
522 349 2
850 130 3
362 1293 3
168 856 3
953 955 3
657 289 3
452 453 0
1396 289 3
32 694 3
1357 246 3
444 268 3
342 168 3
237 38 0
753 569 2
763 569 2
596 130 3
156 879 3
171 1105 3
228 291 3
798 799 2
1267 291 3
1404 854 3
271 2 0
191 336 2
75 1006 3
819 797 2
417 1010 3
173 713 3
844 358 2
1455 83 3
483 904 3
384 1005 3
568 854 3
844 358 2
1289 867 3
144 154 0
769 291 3
362 83 3
595 1200 3
281 903 3
429 950 3
298 1213 3
355 488 0
681 468 2
366 65 2
1235 1138 3
64 475 3
436 471 0
499 1479 0
1059 12 0
1343 547 3
722 449 3
400 1308 3
276 156 0
296 65 2
657 289 3
579 255 2
272 229 2
107 244 3
602 868 3
1359 1447 4
783 1076 3
602 869 3
319 836 3
17 867 3
40 945 3
560 607 2
831 832 2
870 855 3
55 415 2
491 492 0
417 859 3
126 1005 3
112 895 3
446 1062 3
677 1248 3
734 495 3
610 187 2
442 787 2
497 83 3
1366 864 3
144 150 2
342 344 0
55 627 2
144 145 0
613 291 3
18 878 3
335 351 3
69 41 0
59 869 3
272 140 2
358 287 3
159 7 0
763 158 2
246 627 3
367 627 2
545 289 3
336 1059 3
1042 2 3
18 936 3
677 65 3
576 251 2
286 289 0
560 130 3
416 65 2
411 412 0
73 120 3
797 290 3
69 65 2
297 868 3
329 351 3
444 869 3
623 268 3
1392 1443 4
1404 867 3
107 114 3
414 71 2
1101 597 3
750 867 3
627 918 3
115 1423 3
1388 83 3
281 83 3
302 1082 3
1051 627 3
759 229 2
29 879 3
383 514 2
228 699 2
753 578 2
1257 1258 3
144 838 3
336 417 3
215 1005 3
18 937 3
522 977 3
459 2 2
643 1437 4
505 627 3
37 694 3
837 879 3
116 858 3
452 1331 3
477 126 3
491 863 3
822 908 3
677 619 3
1214 867 3
245 241 0
40 884 3
297 130 3
521 245 0
759 1301 3
302 973 3
52 869 3
0 854 3
286 291 0
314 936 3
171 148 2
110 867 3
734 83 3
58 981 3
563 571 2
329 805 3
1347 1348 3
742 468 2
599 187 2
139 1069 3
51 903 3
714 868 3
494 209 0
203 65 2
482 120 0
246 1042 3
956 959 3
468 1178 3
465 885 3
498 1105 3
119 120 0
620 1071 3
115 895 3
407 799 3
110 233 2
366 468 2
104 106 0
820 1385 3
477 567 3
465 127 2
1257 853 3
20 562 2
706 882 3
272 654 3
429 198 3
21 1228 3
288 878 3
728 52 2
346 2 0
734 291 3
1372 264 3
340 83 2
175 125 0
1186 879 3
416 904 3
196 229 2
839 1407 3
58 970 3
90 867 3
110 927 3
563 568 2
400 1256 3
76 1007 3
1404 1406 3
753 1004 3
734 627 3
813 83 3
813 627 3
55 581 2
84 20 3
463 896 3
329 120 3
246 873 3
450 7 0
850 338 3
415 31 0
1235 532 3
568 973 3
237 879 3
825 489 2
52 580 2
1416 351 3
415 863 3
1238 289 3
175 1110 3
558 2 3
237 869 3
499 43 2
558 1045 3
415 416 0
107 1127 3
853 708 2
6 874 3
1267 860 3
783 1140 3
498 329 2
335 55 3
732 654 3
1042 971 3
1349 133 3
440 649 3
55 983 3
416 29 3
115 1425 3
246 1004 3
679 680 2
1042 867 3
456 944 3
485 1378 3
760 289 3
14 17 0
434 646 2
512 916 3
306 75 0
619 185 3
14 15 0
90 939 3
545 1205 3
1042 904 3
139 140 0
155 291 3
29 83 3
409 1038 3
522 694 3
347 268 3
358 130 3
778 918 3
90 1025 3
340 903 3
314 312 3
1087 663 3
246 892 3
58 859 3
51 45 3
1153 863 3
177 291 3
434 906 3
510 1076 3
145 185 3
338 1064 3
83 998 3
45 2 0
31 135 3
497 1329 3
246 856 3
239 892 3
623 693 2
763 896 3
505 980 3
191 50 2
728 729 2
141 141 4
175 176 0
255 856 3
170 653 2
194 194 0
123 291 3
246 311 3
499 57 2
602 1020 3
1041 904 3
62 627 3
552 351 3
239 1105 3
1469 936 3
110 879 3
753 245 2
540 756 3
286 288 0
17 144 3
175 1109 3
17 145 0
246 254 3
780 867 3
110 977 3
261 291 3
530 892 3
721 791 3
15 880 3
547 255 2
820 694 3
30 65 0
456 53 0
302 921 3
1340 663 3
409 1039 3
486 58 0
679 868 3
296 1243 3
624 856 3
1235 1034 3
1274 431 3
525 396 2
268 121 3
497 980 3
830 879 3
145 1281 3
475 223 0
143 7 0
1202 1026 3
770 600 3
191 39 0
797 935 3
126 74 0
110 869 3
521 65 2
65 867 3
340 741 2
355 876 3
245 274 0
910 911 3
177 11 0
264 28 0
104 47 3
346 229 3
692 516 2
302 694 3
1156 289 3
1379 719 3
953 749 3
65 291 3
55 31 0
239 868 3
434 648 2
807 864 3
335 278 3
112 30 0
115 859 3
1042 864 3
1235 1034 3
155 15 0
619 104 2
552 660 3
528 1410 3
442 185 3
547 1026 3
90 1023 3
52 289 3
20 22 0
102 869 3
639 17 2
173 935 3
630 140 2
194 694 3
497 868 3
51 778 3
416 120 0
213 686 2
144 1099 3
849 597 3
138 879 3
362 432 3
272 848 2
29 30 0
798 512 2
1343 903 3
40 939 3
732 694 3
779 694 3
230 211 0
1383 185 3
322 71 3
686 680 3
15 935 3
261 238 0
870 873 3
491 439 0
123 596 2
568 895 3
627 1330 3
139 83 3
1376 860 3
329 1076 3
139 836 3
213 215 2
13 284 3
332 1043 3
559 869 3
336 614 2
553 855 3
728 20 2
630 869 3
525 322 2
1313 970 3
303 209 0
372 376 0
1455 55 2
579 694 3
1275 694 3
302 83 3
480 856 3
168 468 2
215 1005 3
310 694 3
402 263 0
657 879 3
610 735 3
31 229 0
578 449 3
677 869 3
822 1040 3
1415 654 3
145 1283 3
156 156 1
17 868 3
553 865 3
460 1059 3
499 501 0
534 289 3
497 694 3
825 296 2
246 168 3
436 291 3
268 444 2
819 58 2
961 904 3
510 635 3
953 869 3
64 868 3
246 2 3
493 289 3
814 895 3
829 187 2
254 1193 3
721 856 3
975 977 3
512 868 3
413 885 3
852 1064 3
530 7 0
400 1308 3
1247 286 3
1402 895 3
189 1 0
115 7 0
968 970 3
215 16 0
1235 1138 3
246 875 3
144 147 0
58 993 3
18 284 3
494 1310 3
479 1108 3
1303 1239 3
655 569 2
748 703 2
272 468 2
689 441 3
294 1005 3
309 7 0
407 867 3
167 612 2
188 989 3
138 875 3
354 289 3
870 398 3
480 654 3
442 791 2
510 895 3
516 1081 3
678 551 2
336 291 3
1382 289 3
681 884 3
1370 855 3
1386 1026 3
281 942 3
15 941 3
145 1282 3
554 868 3
619 21 2
728 857 3
714 140 2
1133 878 3
231 2 0
313 312 3
27 2 0
358 694 3
96 869 3
254 1190 3
185 185 3
281 65 2
196 449 2
237 680 3
1318 863 3
605 682 3
813 998 3
400 735 3
494 1116 3
57 1440 4
229 1043 3
674 869 3
83 935 3
956 110 3
464 289 3
1194 114 3
383 904 3
17 15 0
83 971 3
245 718 2
83 904 3
213 31 2
816 880 3
336 1122 3
522 7 0
797 935 3
522 856 3
185 17 2
19 882 3
57 1441 4
605 866 3
185 1495 2
458 7 0
215 177 2
231 867 3
619 291 3
765 626 2
166 944 3
681 1005 3
71 963 3
780 880 3
1345 892 3
358 581 3
1189 989 3
805 641 3
37 351 3
752 187 2
1081 654 3
1221 635 3
237 291 3
512 131 2
903 1029 3
125 296 0
51 468 2
820 1045 3
378 47 0
790 1371 3
364 365 0
753 1286 3
191 291 3
173 229 3
721 896 3
229 233 2
191 289 3
336 52 3
677 468 2
416 65 2
139 449 3
783 1138 3
191 193 0
494 83 3
362 358 3
595 1201 3
595 1198 3
1142 198 3
338 903 3
508 231 0
1402 1065 3
1459 879 3
602 185 3
185 146 2
281 65 2
332 1244 3
55 873 3
739 879 3
1235 1177 3
6 875 3
712 1098 3
310 694 3
903 1115 3
128 623 2
619 120 3
220 221 0
1299 879 3
128 623 2
469 7 0
542 903 3
717 1064 3
494 636 3
31 65 2
521 856 3
30 30 0
714 869 3
1386 867 3
215 694 3
491 494 0
910 887 3
336 16 0
806 803 3
499 504 0
819 131 2
173 287 3
553 399 3
77 78 0
213 288 2
342 327 3
808 114 3
852 762 2
545 663 3
191 194 0
332 1245 3
814 2 2
813 83 3
155 863 3
248 884 3
432 436 0
739 1031 3
575 170 3
853 1121 3
170 1090 3
1456 1456 0
182 2 0
849 289 3
870 723 3
335 289 3
478 7 0
397 398 0
65 936 3
336 869 3
1345 892 3
432 362 0
329 755 2
424 998 3
113 65 0
563 564 2
770 382 3
442 438 2
383 384 0
1304 869 3
516 707 3
54 59 0
239 710 2
342 345 0
191 575 2
425 83 3
119 612 2
322 1005 3
169 876 3
1404 1082 3
753 863 3
417 300 3
185 676 2
369 135 3
542 904 3
1497 610 2
458 289 3
1386 868 3
332 856 3
790 289 3
829 578 2
397 332 0
352 353 0
245 272 0
719 1103 3
440 229 3
29 906 3
732 2 2
340 110 2
487 291 3
1081 1026 3
90 1024 3
1359 856 3
27 879 3
1390 869 3
104 125 3
739 856 3
489 895 3
302 1155 3
245 83 3
1214 940 3
100 101 0
494 694 3
553 286 2
117 268 3
734 1106 3
522 133 3
619 747 2
242 120 0
619 746 2
624 869 3
4 694 3
849 856 3
956 957 3
480 481 0
657 475 2
314 694 3
681 396 3
247 7 0
845 844 3
336 1026 3
521 229 2
228 702 2
58 995 3
21 732 3
630 634 2
125 879 3
37 289 3
616 876 3
309 983 3
1386 895 3
1383 863 3
406 409 0
1167 1168 3
604 569 2
417 2 0
166 1245 3
497 927 3
162 983 3
840 896 3
439 1125 3
1153 1045 3
483 7 2
1318 254 3
156 654 3
553 468 2
322 884 3
335 183 3
272 229 2
84 468 3
84 689 3
780 289 3
239 2 0
21 20 3
31 895 3
415 892 3
820 896 3
1042 133 3
71 882 3
510 83 3
213 355 2
55 324 0
521 133 0
463 743 3
727 1231 3
1386 547 3
1153 694 3
1455 496 3
168 468 2
54 140 2
354 355 0
155 39 0
602 954 3
228 701 2
1380 868 3
272 65 2
15 1162 3
196 197 0
803 115 2
364 365 0
613 551 2
956 1455 3
55 233 2
225 215 3
190 7 0
769 382 3
874 1054 3
15 1115 3
559 889 3
429 1337 3
491 398 0
167 168 0
237 130 3
1260 892 3
83 812 3
468 694 3
145 1285 3
512 65 2
139 334 3
284 267 0
814 694 3
362 971 3
432 326 0
560 289 3
382 111 0
417 120 3
750 939 3
332 581 3
208 1445 4
1203 904 3
1386 1043 3
807 1362 3
575 893 3
59 863 3
316 38 0
1153 291 3
558 1239 3
302 936 3
45 694 3
188 137 0
494 491 3
314 819 3
84 446 3
721 896 3
821 822 2
13 135 3
21 1029 3
757 627 3
335 867 3
279 36 0
196 856 3
910 865 3
1344 289 3
309 892 3
51 1064 3
1335 1098 3
340 208 3
332 1244 3
254 879 3
155 867 3
486 58 0
228 468 2
630 633 2
336 654 3
113 879 3
491 76 0
581 589 2
55 865 3
509 514 0
115 923 3
336 863 3
47 140 2
953 291 3
728 1234 3
21 2 3
1219 1335 0
1469 755 2
191 694 3
432 1443 4
175 71 0
90 1481 3
27 28 0
18 597 3
424 426 0
492 1330 3
485 148 2
25 512 2
574 694 3
489 7 0
63 1263 3
171 140 2
530 903 3
162 991 3
1274 1091 3
563 291 3
553 135 3
317 882 3
115 120 3
413 942 3
487 694 3
65 869 3
429 378 3
440 1071 3
84 85 0
692 1005 3
805 983 3
418 892 3
1457 1457 0
780 879 3
10 289 3
1404 1405 3
613 120 3
302 168 3
1172 1173 3
47 45 3
1042 635 3
327 939 3
677 954 3
712 1082 3
1242 1026 3
416 135 3
302 940 3
155 158 0
29 399 3
302 778 3
547 694 3
808 809 2
69 897 3
30 856 3
361 358 3
29 31 0
492 83 3
367 610 2
107 1112 3
442 789 2
630 170 2
803 805 2
630 636 2
228 416 2
31 133 3
113 892 3
347 940 3
797 130 3
1304 289 3
568 854 3
145 1283 3
416 449 0
35 879 3
613 868 3
454 856 3
35 36 0
497 694 3
1087 867 3
717 31 2
414 884 3
41 15 0
254 120 3
358 105 0
541 534 2
706 686 2
246 581 3
258 260 0
534 654 3
1402 694 3
442 790 2
463 856 3
58 536 3
1357 919 3
1106 971 3
508 1453 4
1251 1508 0
84 312 3
372 373 0
750 939 3
177 869 3
558 289 3
310 561 2
173 723 3
805 971 3
458 289 3
844 140 2
1299 441 3
1041 904 3
797 233 2
239 863 3
62 287 3
239 865 3
472 289 3
563 468 2
0 550 2
47 606 2
326 135 3
237 866 3
640 694 3
57 578 2
516 170 3
455 71 2
67 68 0
156 654 3
417 856 3
806 915 3
113 115 0
251 283 2
123 1 0
415 549 2
802 625 2
104 1473 3
843 66 2
489 289 3
475 1244 3
620 229 2
296 31 2
40 869 3
1386 203 3
310 311 0
183 950 3
90 83 3
384 654 3
332 977 3
319 320 0
166 408 3
362 130 3
335 289 3
166 867 3
382 770 2
953 860 3
115 475 3
57 929 3
302 120 3
620 622 2
84 693 3
1357 1098 3
464 286 3
1202 906 3
472 1026 3
1390 860 3
255 291 3
225 1155 3
284 1074 3
175 869 3
798 246 2
57 283 2
246 1175 3
850 542 2
510 1079 3
168 289 3
521 229 0
170 21 2
483 209 2
616 860 3
407 875 3
51 600 3
491 336 0
416 116 2
107 25 3
281 878 3
171 694 3
492 871 3
177 867 3
1247 286 3
140 1053 3
778 694 3
734 1253 3
42 878 3
553 867 3
191 97 0
346 531 3
47 116 2
200 31 0
547 291 3
200 55 2
677 869 3
40 880 3
475 1246 3
542 680 3
472 547 3
55 933 3
512 179 3
90 904 3
332 733 3
559 1016 3
499 444 2
1221 198 3
33 34 0
1469 694 3
145 1251 3
65 680 3
415 283 2
634 1055 3
613 289 3
340 233 0
35 879 3
531 466 0
596 879 3
852 1011 3
560 904 3
722 1034 3
8 877 3
104 116 2
825 892 3
27 905 3
494 83 3
493 548 1
104 105 0
1135 867 3
172 31 0
358 856 3
1335 1098 3
639 115 2
104 869 3
432 437 0
306 307 0
761 762 3
1376 130 3
470 7 0
358 1287 3
155 79 3
115 1239 3
83 869 3
477 249 0
115 120 3
302 64 3
1260 891 3
1032 878 3
521 1400 3
657 658 2
596 860 3
366 756 2
534 867 3
577 896 3
212 65 0
820 773 2
83 1232 3
1318 1437 4
757 446 3
288 879 3
494 1427 3
119 612 2
125 1474 0
525 65 2
59 1116 3
173 290 3
1357 235 3
542 863 3
558 120 3
55 523 0
215 692 2
60 65 0
65 694 3
1345 1346 3
314 973 3
66 978 3
214 53 0
1304 902 3
17 140 2
1404 859 3
528 1014 3
338 739 2
315 312 3
329 338 3
1042 962 3
1376 903 3
362 1074 3
98 7 0
142 101 0
432 971 3
30 283 0
47 627 2
62 869 3
528 528 0
58 297 2
168 694 3
141 142 0
512 336 2
194 867 3
1195 869 3
528 25 3
185 291 3
1356 855 3
821 824 2
416 289 3
55 867 3
76 863 3
480 289 3
530 983 3
504 1355 3
779 780 2
759 440 2
1380 869 3
425 903 3
808 114 3
58 879 3
1183 869 3
416 468 2
336 597 3
115 1422 3
686 694 3
335 860 3
329 754 2
144 1096 3
1343 901 3
284 267 0
41 694 3
813 1490 2
655 856 3
797 130 3
554 694 3
560 694 3
494 879 3
953 885 3
173 83 3
372 182 0
1048 639 3
1087 1092 3
245 856 3
1313 892 3
722 920 3
655 694 3
229 879 3
14 284 3
400 1287 3
75 536 3
180 289 3
1433 1434 3
1376 903 3
1081 859 3
1087 905 3
674 842 2
15 1158 3
706 468 2
107 65 2
707 867 3
491 452 3
314 723 3
213 683 2
1257 940 3
1042 351 3
498 254 3
69 39 0
281 902 3
619 744 2
173 689 3
596 1014 3
65 2 3
619 289 3
1396 289 3
180 1064 3
135 856 3
975 950 3
975 581 3
1054 879 3
8 869 3
1042 869 3
237 551 2
302 1216 3
742 351 3
6 694 3
774 289 3
115 868 3
21 2 3
1392 130 3
73 733 3
378 47 2
764 59 2
358 359 0
325 336 2
90 904 3
128 120 3
870 723 3
498 1004 3
629 83 3
237 877 3
436 867 3
276 289 3
370 1082 3
55 241 0
596 598 2
429 784 2
429 1338 3
759 1084 3
90 134 3
849 694 3
619 1188 3
845 235 3
329 1188 3
455 496 2
707 547 3
64 731 3
65 7 0
563 468 2
15 901 3
852 432 2
1153 694 3
57 933 3
568 869 3
658 47 2
342 125 3
108 109 0
725 694 3
166 1315 3
619 289 3
121 2 2
98 468 2
783 1141 3
613 289 3
497 496 2
173 864 3
268 716 2
802 627 2
309 903 3
870 135 3
246 1026 3
191 940 3
18 939 3
18 694 3
213 322 2
310 65 2
489 873 3
168 1449 4
898 903 3
296 114 3
83 867 3
569 84 2
166 916 3
144 1020 3
288 1354 3
806 1374 3
381 299 0
643 936 3
717 291 3
480 336 2
139 520 3
559 879 3
1241 941 3
58 627 3
4 5 0
229 1264 3
138 120 0
1235 836 3
302 880 3
494 351 3
429 198 3
254 256 0
1357 47 3
73 879 3
335 130 3
489 83 3
579 83 3
276 903 3
429 380 0
144 1097 3
66 979 3
662 663 2
58 986 3
123 616 2
497 918 3
302 1005 3
541 130 3
1290 869 3
288 1279 3
229 1084 3
329 7 0
156 597 3
602 694 3
693 581 3
310 116 2
472 11 0
662 867 3
595 1199 3
246 1067 3
340 740 2
341 262 0
177 10 3
442 669 2
764 530 2
491 90 0
397 694 3
475 856 3
245 275 0
332 329 0
145 967 3
602 1018 3
968 971 3
362 133 3
1274 756 3
1156 869 3
761 1026 3
279 186 0
1426 892 3
245 112 3
619 1113 3
681 887 3
805 903 3
1041 998 3
757 912 3
1042 738 3
21 1151 3
619 489 2
143 7 0
144 81 2
145 1045 3
1219 369 0
166 879 3
416 856 3
25 83 3
509 50 0
80 635 3
57 660 3
560 289 3
98 468 2
473 7 0
837 240 3
145 892 3
421 879 3
604 896 3
302 346 3
168 874 3
492 694 3
185 257 2
14 16 0
75 283 2
798 879 3
96 291 3
83 1232 3
90 960 3
183 444 2
460 446 2
144 148 0
382 767 2
228 867 3
269 879 3
528 529 0
703 581 3
52 694 3
467 338 0
717 229 2
559 1015 3
338 1029 3
681 819 3
246 749 3
460 290 2
58 904 3
522 895 3
1460 654 3
820 449 2
144 1098 3
1487 83 3
358 360 0
86 87 0
630 637 2
849 578 2
415 938 3
180 1103 3
581 224 2
560 168 3
172 245 3
229 1264 3
837 838 2
516 289 3
83 879 3
366 65 2
124 1059 3
173 891 3
55 993 3
191 1027 3
1386 879 3
424 927 3
246 733 3
630 527 2
310 918 3
1153 289 3
1390 904 3
342 343 0
14 336 2
759 114 3
184 2 0
354 71 3
569 694 3
125 297 0
75 65 2
1156 867 3
215 114 3
296 879 3
619 868 3
185 673 2
711 1089 3
358 817 3
329 869 3
362 749 3
261 869 3
65 2 3
306 308 0
25 694 3
1219 90 0
20 23 0
766 551 2
251 84 2
554 627 3
170 651 2
55 983 3
378 379 0
372 836 3
417 289 3
242 468 2
568 867 3
332 224 0
366 756 2
497 1330 3
1373 884 3
910 892 3
65 1240 3
110 867 3
329 680 3
358 1288 3
429 1338 3
717 1196 3
246 905 3
596 879 3
144 150 0
1278 1109 3
816 120 3
30 245 3
173 915 3
674 291 3
62 63 0
57 578 2
170 1090 3
13 597 3
409 891 3
757 879 3
734 958 3
229 133 3
307 1225 3
1402 417 3
71 885 3
783 1076 3
552 857 3
468 812 2
734 1254 3
144 185 3
296 916 3
96 1033 3
1087 906 3
378 468 2
312 84 0
65 549 2
336 551 3
83 1237 3
205 878 3
657 659 2
65 950 3
1106 351 3
125 468 2
559 876 3
51 468 2
1358 208 3
1153 954 3
905 836 3
47 696 2
717 83 3
191 516 2
25 895 3
440 571 2
509 80 0
460 1059 3
494 887 3
417 1011 3
432 971 3
237 65 2
131 627 2
55 925 3
542 328 2
489 856 3
774 289 3
102 868 3
75 229 2
1042 135 3
10 878 3
719 489 2
708 1169 3
778 1077 3
214 53 0
83 977 3
342 291 3
71 863 3
338 510 2
540 836 3
711 697 2
335 876 3
790 475 3
766 945 3
208 168 0
362 892 3
563 246 2
203 336 2
237 238 0
55 283 2
494 959 3
845 1477 3
57 923 3
17 291 3
107 62 3
475 977 3
494 1159 3
382 769 2
280 879 3
509 417 0
1156 867 3
795 869 3
1386 135 3
554 289 3
71 694 3
358 359 0
810 1031 3
90 120 3
769 1257 3
284 285 0
560 867 3
505 83 3
708 950 3
18 880 3
1153 869 3
90 83 3
20 561 2
220 891 3
624 83 3
40 41 0
1041 1042 3
112 135 3
750 114 3
570 1071 3
1275 869 3
184 185 0
620 568 2
355 1248 3
624 1042 3
688 1146 3
619 744 2
166 289 3
750 869 3
329 581 3
721 722 2
413 884 3
610 611 2
1316 1317 3
661 1121 3
312 252 0
247 1046 3
829 158 2
73 942 3
774 694 3
358 130 3
329 1004 3
133 134 0
693 864 3
168 694 3
432 434 0
213 1085 3
429 378 3
368 1 0
400 1465 3
530 7 0
357 114 3
415 65 2