6997
0	1	0
0	2	0
3	1	0
4	5	0
6	7	0
8	9	0
10	11	0
10	12	0
13	7	0
14	15	0
14	16	0
14	17	0
14	18	0
19	7	0
20	21	0
20	22	0
20	23	0
20	24	0
25	7	0
25	26	0
27	28	0
27	2	0
29	30	0
29	31	0
32	7	0
33	34	0
35	36	0
37	38	0
18	39	0
40	41	0
42	1	0
43	44	0
45	46	0
45	47	0
45	2	0
45	48	0
45	49	0
45	50	0
45	6	0
45	51	0
52	53	0
54	55	0
54	56	0
54	57	0
54	58	0
54	59	0
54	60	0
61	7	0
62	63	0
64	65	0
66	7	0
58	7	0
67	68	0
69	70	0
69	39	0
69	41	0
71	72	0
71	73	0
71	1	0
71	74	0
75	65	0
76	59	0
77	78	0
79	39	0
80	81	0
82	83	0
84	85	0
86	87	0
86	88	0
86	89	0
90	91	0
90	92	0
90	93	0
94	7	0
95	39	0
96	97	0
98	7	0
99	65	0
100	101	0
102	103	0
104	105	0
104	106	0
104	107	0
108	109	0
110	111	0
112	30	0
113	114	0
113	65	0
113	115	0
113	116	0
117	1	0
117	118	0
117	18	0
117	15	0
119	120	0
121	120	0
122	7	0
123	1	0
124	125	0
126	74	0
126	127	0
126	73	0
128	1	0
129	7	0
130	74	0
131	132	0
133	134	0
133	135	0
136	137	0
138	120	0
139	140	0
141	65	0
141	142	0
143	7	0
144	21	0
144	145	0
144	146	0
144	147	0
144	148	0
144	149	0
144	150	0
144	151	0
144	81	0
144	152	0
144	153	0
144	154	0
155	41	0
155	156	0
155	39	0
155	157	0
155	158	0
159	7	0
159	160	0
161	97	0
162	163	0
162	164	0
165	166	0
167	168	0
167	2	0
167	36	0
169	38	0
170	2	0
171	172	0
173	174	0
175	125	0
175	2	0
175	176	0
175	54	0
175	71	0
177	11	0
178	179	0
178	120	0
180	181	0
182	2	0
183	120	0
184	185	0
184	55	0
184	186	0
184	137	0
184	187	0
184	2	0
188	137	0
189	1	0
190	7	0
191	192	0
191	39	0
191	193	0
191	1	0
191	194	0
191	41	0
191	195	0
191	16	0
191	70	0
191	97	0
196	135	0
196	197	0
198	199	0
200	201	0
200	31	0
200	202	0
200	2	0
203	88	0
204	1	0
205	206	0
60	65	0
207	120	0
208	209	0
208	2	0
208	168	0
210	211	0
212	65	0
213	2	0
214	53	0
215	16	0
216	217	0
216	218	0
216	219	0
220	221	0
220	222	0
220	223	0
220	224	0
225	7	0
47	226	0
47	227	0
228	229	0
228	31	0
15	41	0
230	211	0
231	2	0
232	233	0
234	235	0
234	236	0
237	38	0
237	74	0
237	238	0
239	2	0
240	241	0
242	120	0
243	244	0
243	245	0
243	246	0
73	53	0
247	7	0
248	53	0
248	249	0
248	41	0
248	250	0
251	252	0
253	65	0
254	255	0
254	256	0
17	257	0
17	70	0
17	145	0
17	7	0
17	153	0
17	15	0
17	151	0
17	81	0
17	101	0
258	259	0
258	260	0
261	38	0
261	238	0
261	74	0
261	262	0
261	103	0
261	263	0
264	265	0
264	120	0
264	28	0
264	266	0
264	267	0
268	1	0
268	41	0
268	18	0
269	223	0
269	270	0
271	2	0
245	241	0
245	272	0
245	31	0
245	273	0
245	274	0
245	275	0
276	156	0
276	181	0
276	277	0
278	7	0
279	36	0
279	186	0
280	281	0
282	7	0
30	283	0
30	65	0
30	31	0
30	30	0
30	229	0
284	285	0
284	267	0
284	277	0
286	287	0
286	288	0
286	289	0
286	290	0
286	74	0
286	130	0
286	291	0
125	292	0
125	293	0
125	294	0
125	295	0
125	296	0
125	297	0
125	286	0
298	50	0
298	2	0
298	7	0
298	299	0
300	301	0
302	7	0
303	209	0
304	7	0
305	7	0
306	307	0
306	75	0
306	308	0
309	7	0
310	311	0
312	313	0
312	314	0
312	315	0
312	84	0
312	50	0
312	252	0
316	38	0
317	318	0
154	7	0
319	229	0
319	320	0
321	322	0
321	323	0
321	324	0
321	125	0
321	137	0
325	206	0
326	7	0
327	328	0
327	329	0
327	226	0
330	331	0
332	333	0
332	334	0
332	329	0
332	335	0
332	224	0
336	16	0
337	65	0
314	252	0
338	339	0
340	233	0
341	262	0
342	343	0
342	344	0
342	345	0
346	2	0
346	120	0
346	7	0
347	348	0
347	349	0
350	351	0
350	114	0
352	353	0
354	355	0
354	125	0
354	356	0
354	357	0
354	124	0
354	322	0
354	317	0
297	7	0
358	359	0
358	360	0
358	361	0
358	105	0
358	362	0
363	7	0
329	7	0
335	7	0
335	74	0
364	365	0
362	7	0
366	252	0
31	283	0
31	229	0
367	132	0
368	2	0
368	1	0
369	7	0
370	371	0
372	267	0
372	137	0
372	373	0
372	374	0
372	182	0
372	27	0
372	375	0
372	376	0
372	377	0
372	231	0
378	379	0
378	380	0
381	299	0
382	111	0
383	384	0
383	385	0
383	137	0
386	7	0
387	388	0
387	389	0
390	391	0
392	393	0
392	394	0
392	395	0
392	396	0
397	398	0
397	332	0
397	7	0
397	399	0
400	111	0
401	93	0
168	7	0
402	263	0
403	404	0
229	405	0
229	31	0
406	380	0
406	407	0
406	408	0
406	409	0
406	46	0
410	7	0
411	412	0
413	72	0
413	250	0
414	120	0
415	229	0
415	416	0
415	31	0
417	2	0
417	1	0
418	419	0
418	138	0
418	420	0
418	421	0
418	36	0
422	256	0
422	423	0
424	425	0
424	59	0
424	57	0
424	426	0
424	427	0
424	428	0
429	430	0
429	431	0
429	380	0
432	359	0
432	222	0
432	433	0
432	434	0
432	221	0
432	435	0
432	436	0
432	437	0
432	438	0
432	362	0
432	439	0
432	256	0
432	440	0
432	441	0
432	326	0
442	443	0
442	300	0
444	445	0
444	142	0
446	447	0
448	391	0
307	65	0
307	299	0
416	31	0
416	449	0
416	120	0
416	283	0
416	7	0
416	405	0
450	7	0
451	7	0
452	453	0
454	211	0
455	409	0
456	53	0
288	457	0
458	50	0
458	7	0
458	349	0
458	439	0
459	98	0
460	461	0
460	462	0
463	338	0
463	81	0
463	7	0
464	7	0
464	120	0
465	74	0
466	7	0
467	468	0
467	329	0
467	338	0
469	7	0
470	7	0
436	471	0
472	11	0
473	7	0
473	474	0
475	335	0
475	270	0
475	224	0
475	476	0
475	334	0
475	329	0
475	246	0
475	223	0
477	249	0
478	7	0
479	7	0
479	2	0
480	481	0
482	483	0
482	320	0
482	137	0
482	7	0
482	319	0
482	120	0
482	373	0
482	484	0
485	7	0
486	58	0
421	120	0
355	487	0
355	488	0
489	7	0
490	65	0
146	7	0
491	492	0
491	76	0
491	493	0
491	494	0
491	90	0
491	495	0
491	496	0
491	55	0
491	226	0
491	57	0
491	166	0
491	439	0
491	59	0
491	497	0
491	270	0
491	336	0
491	424	0
491	398	0
498	222	0
498	223	0
498	224	0
498	221	0
499	500	0
499	501	0
499	502	0
499	503	0
499	504	0
492	111	0
505	506	0
507	65	0
508	2	0
508	231	0
509	510	0
509	80	0
509	511	0
509	463	0
509	21	0
509	512	0
509	513	0
509	50	0
509	2	0
509	514	0
509	417	0
515	137	0
172	405	0
172	31	0
516	517	0
65	7	0
65	211	0
518	211	0
519	7	0
520	187	0
521	30	0
521	245	0
521	171	0
521	522	0
521	449	0
521	133	0
521	229	0
55	31	0
55	523	0
55	324	0
55	524	0
55	241	0
55	274	0
525	74	0
142	101	0
142	41	0
526	226	0
527	209	0
528	529	0
528	528	0
530	7	0
531	466	0
272	137	0
384	1	0
532	514	0
532	198	0
532	533	0
534	39	0
535	7	0
536	142	0
536	537	0
538	539	0
540	211	0
541	2	0
542	74	0
542	1	0
543	544	0
359	2	0
359	7	0
361	7	0
522	7	0
545	7	0
545	546	0
115	7	0
494	209	0
63	107	0
63	389	0
547	41	0
547	181	0
547	156	0
493	548	1
0	549	2
0	550	2
0	417	2
0	65	2
3	65	2
3	551	2
552	468	2
553	468	2
553	286	2
554	555	2
8	556	2
8	355	2
8	21	2
8	557	2
8	558	2
8	559	2
8	560	2
14	489	2
14	336	2
14	551	2
19	20	2
20	561	2
20	562	2
563	564	2
563	468	2
563	246	2
563	158	2
563	84	2
563	71	2
563	65	2
563	565	2
563	566	2
563	567	2
563	568	2
563	569	2
563	570	2
563	571	2
572	573	2
25	512	2
25	26	2
25	336	2
25	574	2
575	551	2
29	468	2
29	65	2
29	283	2
29	576	2
29	229	2
29	233	2
577	569	2
577	158	2
577	140	2
577	211	2
37	551	2
57	578	2
57	229	2
57	283	2
57	209	2
57	65	2
579	233	2
579	255	2
43	229	2
43	283	2
43	468	2
483	255	2
483	2	2
483	7	2
483	209	2
52	580	2
54	140	2
581	582	2
581	224	2
581	583	2
581	584	2
581	334	2
581	585	2
581	586	2
581	587	2
581	233	2
581	588	2
581	589	2
581	590	2
581	246	2
581	591	2
58	2	2
58	592	2
58	66	2
58	297	2
69	516	2
69	65	2
71	65	2
71	593	2
75	229	2
75	65	2
75	549	2
75	283	2
76	191	2
76	30	2
76	229	2
76	55	2
76	209	2
80	510	2
82	110	2
84	468	2
84	594	2
84	229	2
84	251	2
84	356	2
84	65	2
84	595	2
84	20	2
596	597	2
596	598	2
599	187	2
599	600	2
86	601	2
86	65	2
86	551	2
86	534	2
602	555	2
333	328	2
333	233	2
603	338	2
96	549	2
98	233	2
98	468	2
409	468	2
604	578	2
604	334	2
604	158	2
604	569	2
604	140	2
604	65	2
605	339	2
605	551	2
605	334	2
102	65	2
102	336	2
104	116	2
104	606	2
104	226	2
560	211	2
560	607	2
560	578	2
110	233	2
608	609	2
610	187	2
610	611	2
117	299	2
119	468	2
119	612	2
613	107	2
613	614	2
613	555	2
613	551	2
121	565	2
121	299	2
121	2	2
615	65	2
615	140	2
123	616	2
123	335	2
123	617	2
123	618	2
123	144	2
123	619	2
123	596	2
51	223	2
51	65	2
51	468	2
620	617	2
620	568	2
620	621	2
620	229	2
620	622	2
128	623	2
510	561	2
624	625	2
624	626	2
624	233	2
131	83	2
131	627	2
131	628	2
133	416	2
133	496	2
629	565	2
629	535	2
630	140	2
630	516	2
630	631	2
630	27	2
630	632	2
630	229	2
630	399	2
630	83	2
630	80	2
630	633	2
630	634	2
630	233	2
630	398	2
630	170	2
630	635	2
630	575	2
630	286	2
630	636	2
630	475	2
630	637	2
630	527	2
630	638	2
630	256	2
630	231	2
630	209	2
630	373	2
639	335	2
639	488	2
639	115	2
639	17	2
639	640	2
568	65	2
568	489	2
568	468	2
568	229	2
568	334	2
568	115	2
568	226	2
568	569	2
641	166	2
641	642	2
641	643	2
641	644	2
141	65	2
144	257	2
144	21	2
144	146	2
144	153	2
144	149	2
144	148	2
144	81	2
144	150	2
144	145	2
144	645	2
144	154	2
144	151	2
144	140	2
159	65	2
434	646	2
434	607	2
434	432	2
434	647	2
434	648	2
357	7	2
162	649	2
162	140	2
167	612	2
170	650	2
170	21	2
170	651	2
170	652	2
170	516	2
170	336	2
170	65	2
170	653	2
171	148	2
171	437	2
171	131	2
171	140	2
171	65	2
171	358	2
173	344	2
178	2	2
178	65	2
180	170	2
180	654	2
180	338	2
180	516	2
180	255	2
180	140	2
655	140	2
655	569	2
655	496	2
655	158	2
182	255	2
226	334	2
226	468	2
183	444	2
183	299	2
184	166	2
184	39	2
184	100	2
184	191	2
184	656	2
184	158	2
657	334	2
657	658	2
657	57	2
657	659	2
657	396	2
657	336	2
657	468	2
657	65	2
657	56	2
657	660	2
657	399	2
657	424	2
657	475	2
191	209	2
191	140	2
191	336	2
191	575	2
191	65	2
191	50	2
191	516	2
661	233	2
196	300	2
196	140	2
196	229	2
196	449	2
196	496	2
662	663	2
107	125	2
107	215	2
107	664	2
107	665	2
107	666	2
107	229	2
107	354	2
107	65	2
200	283	2
200	245	2
200	229	2
200	415	2
200	55	2
200	29	2
203	65	2
203	170	2
203	336	2
204	336	2
204	130	2
185	257	2
185	667	2
185	17	2
185	668	2
185	146	2
185	669	2
185	493	2
185	149	2
185	670	2
185	619	2
185	671	2
185	672	2
185	673	2
185	674	2
185	675	2
185	676	2
185	677	2
678	551	2
679	680	2
213	31	2
213	399	2
213	640	2
213	681	2
213	682	2
213	683	2
213	684	2
213	685	2
213	125	2
213	686	2
213	355	2
213	288	2
213	322	2
213	416	2
213	687	2
570	580	2
688	689	2
215	336	2
215	225	2
215	253	2
215	690	2
215	519	2
215	691	2
215	692	2
215	177	2
215	602	2
215	229	2
215	384	2
215	489	2
693	468	2
693	551	2
693	233	2
693	694	2
220	695	2
47	627	2
47	606	2
47	116	2
47	226	2
47	696	2
47	140	2
47	463	2
47	173	2
47	334	2
228	697	2
228	65	2
228	698	2
228	699	2
228	700	2
228	229	2
228	140	2
228	701	2
228	200	2
228	468	2
228	702	2
228	416	2
228	31	2
228	283	2
228	209	2
703	144	2
704	334	2
230	625	2
230	705	2
230	626	2
706	355	2
706	686	2
706	595	2
706	468	2
231	707	2
708	661	2
708	578	2
237	551	2
237	336	2
237	65	2
239	399	2
239	0	2
239	709	2
239	185	2
239	710	2
246	222	2
246	361	2
246	468	2
711	697	2
712	607	2
242	409	2
242	468	2
283	251	2
692	516	2
251	366	2
251	229	2
251	713	2
251	549	2
251	283	2
251	561	2
251	84	2
251	576	2
17	555	2
17	140	2
261	334	2
680	338	2
680	714	2
268	233	2
268	444	2
268	496	2
268	715	2
268	284	2
268	716	2
268	299	2
268	623	2
269	233	2
717	31	2
717	229	2
717	346	2
245	233	2
245	65	2
245	718	2
245	283	2
245	468	2
595	468	2
689	233	2
719	21	2
719	720	2
719	489	2
719	510	2
721	140	2
721	722	2
721	158	2
721	334	2
30	116	2
30	65	2
30	229	2
30	468	2
30	723	2
30	283	2
440	571	2
440	724	2
440	223	2
125	468	2
125	229	2
125	286	2
725	468	2
725	229	2
310	65	2
310	116	2
310	561	2
310	229	2
21	726	2
727	625	2
727	626	2
317	551	2
728	20	2
728	73	2
728	127	2
728	52	2
728	19	2
728	729	2
59	607	2
319	31	2
319	65	2
658	47	2
325	336	2
325	730	2
325	65	2
296	229	2
296	731	2
296	476	2
296	65	2
296	140	2
296	31	2
732	2	2
332	733	2
336	614	2
314	713	2
314	549	2
734	735	2
338	94	2
338	468	2
338	32	2
338	510	2
338	736	2
338	737	2
338	738	2
338	739	2
338	65	2
616	468	2
616	351	2
616	559	2
340	110	2
340	740	2
340	741	2
340	626	2
340	625	2
342	226	2
342	606	2
342	116	2
347	299	2
347	2	2
742	743	2
742	187	2
742	21	2
742	617	2
742	468	2
742	351	2
619	744	2
619	140	2
619	21	2
619	576	2
619	574	2
619	745	2
619	746	2
619	489	2
619	674	2
619	747	2
619	617	2
619	737	2
619	104	2
640	468	2
640	549	2
748	703	2
748	335	2
748	749	2
750	568	2
750	751	2
752	187	2
752	549	2
753	140	2
753	245	2
753	496	2
753	569	2
753	578	2
753	158	2
329	754	2
329	755	2
362	233	2
366	30	2
366	65	2
366	468	2
366	756	2
757	55	2
757	245	2
757	391	2
757	2	2
31	229	2
31	65	2
31	283	2
31	468	2
31	140	2
367	83	2
367	610	2
367	627	2
368	65	2
255	2	2
512	334	2
512	131	2
512	65	2
512	336	2
369	758	2
759	229	2
759	568	2
759	466	2
759	440	2
759	65	2
760	573	2
761	762	2
763	578	2
763	140	2
763	158	2
763	569	2
764	59	2
764	530	2
764	65	2
765	625	2
765	626	2
766	336	2
766	551	2
766	65	2
378	45	2
378	468	2
378	47	2
714	140	2
714	115	2
714	328	2
714	489	2
382	767	2
382	768	2
382	2	2
382	769	2
382	770	2
382	771	2
382	578	2
382	100	2
382	772	2
382	334	2
383	384	2
383	528	2
383	514	2
383	229	2
383	773	2
400	187	2
774	578	2
774	607	2
168	468	2
775	776	2
777	580	2
229	65	2
229	778	2
229	140	2
229	233	2
779	780	2
779	781	2
413	116	2
414	71	2
415	549	2
415	334	2
415	468	2
415	65	2
415	140	2
415	283	2
417	140	2
497	233	2
497	496	2
424	140	2
424	399	2
424	31	2
424	229	2
424	627	2
424	65	2
429	782	2
429	783	2
429	784	2
429	785	2
432	116	2
432	222	2
442	772	2
442	0	2
442	786	2
442	667	2
442	787	2
442	788	2
442	41	2
442	328	2
442	789	2
442	790	2
442	791	2
442	792	2
442	100	2
442	670	2
442	668	2
442	793	2
442	438	2
442	187	2
442	669	2
281	551	2
281	65	2
281	336	2
794	65	2
794	416	2
794	58	2
444	661	2
444	65	2
444	549	2
307	661	2
677	795	2
677	468	2
677	65	2
677	796	2
681	468	2
797	233	2
487	561	2
487	140	2
416	229	2
416	116	2
416	233	2
416	468	2
416	65	2
416	140	2
798	358	2
798	7	2
798	494	2
798	512	2
798	799	2
798	246	2
798	65	2
798	55	2
800	65	2
800	336	2
452	496	2
455	384	2
455	71	2
455	496	2
801	514	2
802	131	2
802	625	2
802	627	2
459	2	2
460	446	2
460	290	2
460	468	2
803	409	2
803	224	2
803	65	2
803	140	2
803	804	2
803	805	2
803	806	2
803	115	2
465	127	2
807	116	2
467	561	2
808	809	2
470	290	2
470	233	2
473	615	2
810	338	2
811	623	2
468	85	2
468	812	2
468	84	2
468	246	2
468	173	2
468	627	2
468	251	2
475	2	2
475	565	2
475	50	2
813	705	2
806	468	2
806	116	2
569	549	2
569	84	2
569	468	2
569	561	2
480	551	2
480	336	2
485	144	2
485	613	2
485	140	2
485	602	2
485	148	2
485	334	2
814	2	2
814	551	2
815	816	2
815	817	2
815	98	2
815	83	2
815	551	2
815	627	2
489	818	2
819	471	2
819	628	2
819	83	2
819	797	2
819	229	2
819	233	2
819	624	2
819	140	2
819	58	2
819	55	2
819	131	2
819	492	2
819	65	2
819	494	2
819	57	2
819	416	2
819	256	2
819	468	2
819	31	2
819	473	2
820	528	2
820	449	2
820	773	2
821	822	2
821	823	2
821	824	2
623	689	2
623	336	2
623	65	2
623	693	2
498	329	2
498	334	2
498	695	2
825	826	2
825	140	2
825	296	2
825	827	2
825	65	2
825	31	2
825	489	2
499	494	2
499	560	2
499	444	2
499	65	2
499	57	2
499	140	2
499	43	2
492	496	2
492	233	2
828	233	2
829	158	2
829	187	2
829	496	2
829	65	2
829	140	2
829	578	2
830	255	2
830	233	2
172	283	2
172	65	2
172	229	2
576	251	2
65	713	2
65	549	2
521	140	2
521	778	2
521	65	2
521	30	2
521	229	2
831	832	2
831	336	2
831	742	2
831	833	2
831	834	2
55	468	2
55	233	2
55	415	2
55	229	2
55	31	2
55	627	2
55	581	2
55	65	2
55	283	2
55	196	2
525	322	2
525	835	2
525	396	2
525	664	2
525	65	2
525	414	2
836	191	2
837	351	2
837	838	2
837	130	2
839	56	2
840	841	2
674	65	2
674	842	2
674	561	2
843	432	2
843	66	2
528	88	2
530	489	2
530	115	2
844	468	2
844	358	2
844	845	2
844	246	2
844	334	2
844	140	2
844	846	2
847	2	2
272	848	2
272	229	2
272	65	2
272	31	2
272	468	2
272	140	2
384	449	2
541	534	2
542	65	2
542	328	2
542	336	2
849	578	2
849	607	2
850	233	2
850	851	2
850	542	2
522	349	2
852	432	2
852	762	2
853	708	2
853	65	2
853	299	2
547	65	2
547	336	2
547	338	2
547	170	2
547	255	2
322	140	2
0	854	3
0	135	3
0	855	3
0	856	3
0	289	3
3	289	3
3	694	3
4	804	3
4	694	3
552	660	3
552	857	3
552	351	3
552	858	3
552	733	3
552	859	3
552	860	3
861	862	3
553	863	3
553	135	3
553	864	3
553	865	3
553	855	3
553	866	3
553	399	3
553	867	3
554	185	3
554	130	3
554	289	3
554	868	3
554	627	3
554	694	3
554	869	3
870	229	3
870	871	3
870	863	3
870	723	3
870	855	3
870	398	3
870	872	3
870	873	3
870	135	3
6	121	3
6	868	3
6	694	3
6	120	3
6	874	3
6	875	3
8	876	3
8	130	3
8	877	3
8	291	3
8	869	3
8	868	3
10	878	3
10	879	3
10	880	3
10	694	3
10	289	3
10	597	3
13	284	3
13	289	3
13	135	3
13	881	3
13	597	3
14	654	3
14	879	3
14	284	3
14	289	3
14	547	3
14	878	3
19	858	3
19	20	3
19	882	3
19	883	3
19	884	3
19	885	3
20	858	3
886	887	3
886	884	3
888	889	3
890	891	3
707	694	3
707	284	3
707	719	3
707	654	3
707	892	3
707	868	3
707	547	3
707	893	3
707	867	3
563	857	3
563	291	3
563	289	3
894	261	3
894	876	3
894	694	3
25	694	3
25	856	3
25	895	3
25	83	3
575	867	3
575	654	3
575	597	3
575	896	3
575	170	3
575	289	3
575	897	3
575	868	3
575	547	3
575	893	3
575	892	3
575	879	3
575	268	3
898	899	3
898	900	3
898	880	3
898	547	3
898	901	3
898	902	3
898	903	3
898	879	3
27	836	3
27	879	3
27	904	3
27	905	3
29	869	3
29	904	3
29	879	3
29	906	3
29	856	3
29	399	3
29	694	3
29	895	3
29	83	3
907	908	3
32	819	3
32	875	3
32	856	3
32	122	3
32	130	3
32	903	3
32	909	3
32	694	3
32	338	3
910	287	3
910	694	3
910	135	3
910	904	3
910	911	3
910	863	3
910	887	3
910	892	3
910	912	3
910	286	3
910	865	3
910	913	3
914	915	3
914	916	3
914	917	3
35	879	3
35	289	3
35	875	3
35	892	3
577	918	3
577	855	3
577	521	3
577	133	3
577	919	3
577	856	3
577	920	3
577	896	3
37	892	3
37	889	3
37	694	3
37	289	3
37	921	3
37	867	3
37	351	3
37	130	3
57	922	3
57	923	3
57	924	3
57	925	3
57	926	3
57	868	3
57	491	3
57	927	3
57	928	3
57	929	3
57	930	3
57	931	3
57	932	3
57	873	3
57	660	3
57	933	3
579	934	3
579	867	3
579	689	3
579	83	3
579	935	3
579	694	3
18	121	3
18	117	3
18	902	3
18	936	3
18	120	3
18	130	3
18	937	3
18	694	3
18	83	3
18	938	3
18	764	3
18	939	3
18	880	3
18	289	3
18	869	3
18	69	3
18	878	3
18	867	3
18	873	3
18	940	3
18	284	3
18	597	3
18	879	3
40	869	3
40	289	3
40	879	3
40	884	3
40	937	3
40	882	3
40	939	3
40	941	3
40	867	3
40	942	3
40	880	3
40	597	3
40	943	3
40	944	3
40	945	3
40	878	3
42	878	3
946	947	3
948	949	3
43	950	3
43	951	3
43	952	3
483	869	3
483	904	3
483	291	3
483	630	3
483	905	3
483	836	3
483	867	3
483	879	3
953	857	3
953	749	3
953	954	3
953	889	3
953	446	3
953	351	3
953	883	3
953	291	3
953	934	3
953	874	3
953	858	3
953	859	3
953	879	3
953	860	3
953	866	3
953	885	3
953	869	3
953	955	3
45	694	3
45	859	3
52	694	3
52	733	3
52	858	3
52	126	3
52	885	3
52	291	3
52	869	3
52	884	3
52	289	3
52	883	3
52	866	3
956	735	3
956	925	3
956	957	3
956	958	3
956	959	3
956	627	3
956	960	3
956	83	3
961	962	3
961	904	3
54	963	3
54	660	3
54	287	3
61	964	3
61	138	3
62	965	3
62	287	3
62	125	3
62	627	3
62	966	3
62	868	3
62	869	3
62	694	3
62	892	3
62	351	3
62	291	3
62	134	3
62	967	3
62	229	3
709	863	3
968	491	3
968	865	3
968	969	3
968	867	3
968	805	3
968	970	3
968	933	3
968	971	3
968	959	3
968	972	3
64	868	3
64	973	3
64	731	3
64	114	3
64	475	3
64	974	3
64	291	3
975	836	3
975	289	3
975	950	3
975	976	3
975	581	3
975	977	3
66	866	3
66	723	3
66	911	3
66	978	3
66	979	3
66	980	3
66	287	3
66	694	3
58	981	3
58	982	3
58	482	3
58	805	3
58	856	3
58	983	3
58	904	3
58	921	3
58	984	3
58	926	3
58	873	3
58	630	3
58	985	3
58	859	3
58	986	3
58	987	3
58	988	3
58	83	3
58	970	3
58	906	3
58	989	3
58	887	3
58	971	3
58	903	3
58	939	3
58	892	3
58	424	3
58	990	3
58	991	3
58	909	3
58	660	3
58	992	3
58	819	3
58	694	3
58	993	3
58	208	3
58	994	3
58	536	3
58	995	3
58	951	3
58	121	3
58	996	3
58	351	3
58	997	3
58	627	3
58	879	3
58	950	3
58	998	3
67	289	3
69	897	3
69	938	3
69	867	3
71	867	3
71	287	3
71	289	3
71	963	3
71	130	3
71	999	3
71	1000	3
71	982	3
71	1001	3
71	885	3
71	887	3
71	185	3
71	120	3
71	660	3
71	884	3
71	694	3
71	874	3
71	1002	3
71	866	3
71	126	3
71	859	3
71	1003	3
71	1004	3
71	291	3
71	1005	3
71	869	3
71	879	3
71	882	3
71	863	3
71	989	3
75	1006	3
75	952	3
75	536	3
76	969	3
76	1007	3
76	863	3
1008	738	3
80	855	3
80	1009	3
80	1010	3
80	654	3
80	1011	3
80	895	3
80	1012	3
80	868	3
80	516	3
80	114	3
80	856	3
80	896	3
80	635	3
84	749	3
84	693	3
84	20	3
84	314	3
84	312	3
84	446	3
84	627	3
84	581	3
84	468	3
84	689	3
84	1013	3
596	859	3
596	351	3
596	868	3
596	879	3
596	889	3
596	289	3
596	291	3
596	860	3
596	1014	3
596	1015	3
596	1016	3
596	904	3
596	869	3
596	130	3
905	836	3
86	867	3
86	880	3
86	879	3
86	289	3
602	1017	3
602	854	3
602	869	3
602	185	3
602	1018	3
602	1019	3
602	289	3
602	83	3
602	868	3
602	291	3
602	694	3
602	954	3
602	1020	3
90	1021	3
90	1022	3
90	904	3
90	120	3
90	1023	3
90	289	3
90	905	3
90	977	3
90	191	3
90	994	3
90	1024	3
90	1025	3
90	1026	3
90	940	3
90	923	3
90	879	3
90	69	3
90	122	3
90	867	3
90	869	3
90	868	3
90	83	3
90	873	3
90	134	3
90	291	3
90	133	3
90	936	3
90	959	3
90	962	3
90	960	3
90	812	3
90	859	3
90	991	3
90	863	3
90	880	3
90	597	3
90	938	3
90	764	3
90	939	3
90	468	3
90	694	3
333	962	3
333	291	3
333	1027	3
333	860	3
333	680	3
333	694	3
333	868	3
333	869	3
333	1028	3
333	1029	3
333	1030	3
333	877	3
333	904	3
333	1031	3
603	291	3
784	799	3
1032	878	3
96	289	3
96	1033	3
96	291	3
96	709	3
96	83	3
96	867	3
96	869	3
98	912	3
98	880	3
722	629	3
722	1034	3
722	574	3
722	565	3
722	1035	3
722	920	3
722	721	3
722	577	3
722	431	3
722	753	3
722	1036	3
722	1037	3
722	836	3
722	449	3
409	1038	3
409	114	3
409	891	3
409	1039	3
409	916	3
822	1040	3
822	950	3
822	867	3
822	836	3
822	908	3
604	896	3
604	856	3
604	868	3
1041	904	3
1041	977	3
1041	998	3
1041	635	3
1041	962	3
1041	895	3
1041	135	3
1041	1042	3
1041	83	3
1041	971	3
605	1043	3
605	291	3
605	682	3
605	130	3
605	866	3
605	289	3
605	869	3
605	286	3
102	869	3
102	868	3
102	867	3
102	291	3
104	47	3
104	627	3
104	869	3
104	125	3
104	868	3
104	291	3
104	694	3
104	287	3
560	289	3
560	965	3
560	1044	3
560	867	3
560	597	3
560	130	3
560	1045	3
560	869	3
560	694	3
560	2	3
560	904	3
560	1046	3
560	1047	3
560	168	3
110	927	3
110	229	3
110	935	3
110	635	3
110	694	3
110	939	3
110	867	3
110	977	3
110	856	3
110	290	3
110	130	3
608	958	3
610	735	3
351	879	3
1048	639	3
1048	458	3
112	135	3
112	977	3
112	962	3
112	856	3
112	895	3
112	904	3
1049	1050	3
113	694	3
113	879	3
113	923	3
113	892	3
113	939	3
1051	879	3
1051	998	3
1051	491	3
1051	627	3
1051	871	3
1051	929	3
1051	452	3
117	268	3
117	950	3
119	879	3
1052	836	3
1052	182	3
613	868	3
613	130	3
613	694	3
613	1053	3
613	1045	3
613	869	3
613	185	3
613	289	3
613	291	3
613	120	3
1054	879	3
1054	941	3
121	1055	3
121	268	3
121	940	3
121	1056	3
121	950	3
123	1057	3
123	289	3
123	868	3
123	869	3
123	860	3
123	291	3
123	1058	3
123	856	3
124	175	3
124	1005	3
124	1059	3
126	885	3
126	882	3
126	884	3
126	1005	3
1060	892	3
51	351	3
51	903	3
51	1061	3
51	970	3
51	71	3
51	45	3
51	1062	3
51	778	3
51	198	3
51	1023	3
51	1063	3
51	987	3
51	1064	3
51	600	3
51	1065	3
51	396	3
51	660	3
51	520	3
51	1066	3
51	1067	3
51	223	3
51	1068	3
51	957	3
51	441	3
51	992	3
51	1069	3
407	875	3
407	906	3
407	867	3
407	836	3
407	965	3
407	799	3
1070	867	3
1070	1026	3
620	859	3
620	1071	3
620	399	3
1072	904	3
128	880	3
128	1073	3
128	120	3
128	1059	3
128	879	3
128	878	3
128	268	3
128	1074	3
128	916	3
128	940	3
510	83	3
510	1075	3
510	135	3
510	855	3
510	856	3
510	1076	3
510	1077	3
510	635	3
510	654	3
510	879	3
510	1078	3
510	896	3
510	895	3
510	1079	3
510	1080	3
510	694	3
624	904	3
624	135	3
624	869	3
624	867	3
624	977	3
624	1042	3
624	856	3
624	83	3
1081	130	3
1081	694	3
1081	120	3
1081	859	3
1081	893	3
1081	1026	3
1081	654	3
1081	291	3
1081	289	3
1081	856	3
1081	895	3
1081	879	3
1081	812	3
131	132	3
133	904	3
133	977	3
133	962	3
629	694	3
629	866	3
629	1037	3
629	939	3
629	581	3
629	83	3
629	892	3
630	950	3
630	291	3
630	869	3
630	962	3
630	892	3
639	965	3
639	694	3
138	906	3
138	879	3
138	120	3
138	1082	3
138	875	3
138	1083	3
138	941	3
139	950	3
139	836	3
139	449	3
139	334	3
139	735	3
139	520	3
139	1069	3
139	83	3
568	904	3
568	973	3
568	694	3
568	869	3
568	854	3
568	867	3
568	879	3
568	895	3
568	987	3
568	1006	3
568	114	3
568	1084	3
568	1085	3
568	291	3
568	229	3
568	865	3
1086	879	3
1086	878	3
1087	1088	3
1087	1089	3
1087	1090	3
1087	899	3
1087	960	3
1087	1091	3
1087	897	3
1087	1092	3
1087	663	3
1087	630	3
1087	905	3
1087	906	3
1087	867	3
233	291	3
114	889	3
114	1012	3
114	1074	3
114	1093	3
114	988	3
141	940	3
141	991	3
141	952	3
1094	856	3
646	1066	3
144	615	3
144	954	3
144	185	3
144	1095	3
144	1096	3
144	1018	3
144	1020	3
144	1097	3
144	687	3
144	892	3
144	1045	3
144	1053	3
144	868	3
144	838	3
144	694	3
144	235	3
144	844	3
144	1098	3
144	1099	3
155	291	3
155	863	3
155	867	3
155	1043	3
155	79	3
155	289	3
1100	867	3
434	903	3
434	906	3
434	1026	3
434	762	3
434	856	3
434	597	3
434	1064	3
1101	694	3
1101	868	3
1101	597	3
1101	289	3
357	1085	3
357	291	3
357	869	3
357	114	3
162	991	3
162	983	3
162	1102	3
162	162	3
162	1023	3
162	903	3
167	879	3
169	694	3
169	867	3
169	876	3
169	869	3
169	291	3
170	893	3
170	289	3
170	1090	3
170	867	3
170	897	3
170	901	3
170	1026	3
170	869	3
170	654	3
170	1103	3
170	694	3
1104	879	3
171	1105	3
171	962	3
171	954	3
171	694	3
171	904	3
171	133	3
173	891	3
173	867	3
173	1106	3
173	227	3
173	892	3
173	125	3
173	864	3
173	915	3
173	83	3
173	749	3
173	911	3
173	627	3
173	287	3
173	47	3
173	290	3
173	723	3
173	446	3
173	694	3
173	1107	3
173	756	3
173	229	3
173	20	3
173	935	3
173	819	3
173	713	3
173	689	3
173	491	3
175	185	3
175	1108	3
175	694	3
175	1014	3
175	1109	3
175	874	3
175	887	3
175	884	3
175	879	3
175	1110	3
175	1111	3
175	291	3
175	289	3
175	863	3
175	1112	3
175	868	3
175	229	3
175	1003	3
175	859	3
175	287	3
175	869	3
175	973	3
175	1005	3
175	1113	3
175	1085	3
177	10	3
177	869	3
177	1026	3
177	903	3
177	203	3
177	897	3
177	867	3
177	170	3
177	289	3
177	901	3
177	567	3
177	291	3
177	868	3
178	879	3
1114	694	3
180	1026	3
180	856	3
180	903	3
180	289	3
180	597	3
180	1064	3
180	707	3
180	1103	3
655	856	3
655	694	3
655	977	3
182	289	3
182	879	3
313	312	3
28	904	3
270	581	3
183	950	3
183	268	3
183	940	3
184	696	3
184	986	3
184	805	3
184	903	3
184	1115	3
184	971	3
412	947	3
412	411	3
933	925	3
933	1116	3
933	828	3
933	928	3
1117	1118	3
188	859	3
188	1005	3
188	289	3
188	1004	3
188	71	3
188	989	3
188	175	3
188	660	3
188	884	3
657	879	3
657	880	3
657	289	3
1119	254	3
191	863	3
191	867	3
191	694	3
191	135	3
191	906	3
191	896	3
191	940	3
191	291	3
191	869	3
191	1027	3
191	289	3
191	868	3
191	1025	3
661	867	3
661	1120	3
661	951	3
661	1121	3
661	1006	3
661	44	3
661	950	3
739	895	3
739	1122	3
739	1029	3
739	860	3
739	869	3
739	1028	3
739	1031	3
739	977	3
739	680	3
739	903	3
739	1123	3
739	879	3
739	856	3
739	291	3
439	1124	3
439	1125	3
196	962	3
196	135	3
196	895	3
196	856	3
196	694	3
196	904	3
196	977	3
196	29	3
198	694	3
198	1078	3
198	859	3
662	895	3
662	977	3
662	130	3
662	1126	3
662	903	3
662	860	3
662	892	3
662	819	3
662	885	3
662	858	3
662	873	3
662	867	3
662	291	3
107	1112	3
107	291	3
107	867	3
107	1127	3
107	1084	3
107	863	3
107	869	3
107	1108	3
107	244	3
107	1043	3
107	1128	3
107	1028	3
107	1129	3
107	25	3
107	114	3
107	920	3
107	62	3
107	229	3
107	694	3
107	133	3
200	291	3
200	869	3
200	962	3
200	694	3
200	290	3
200	859	3
203	289	3
203	597	3
203	867	3
203	180	3
203	903	3
203	654	3
203	547	3
1130	289	3
845	844	3
845	1131	3
845	235	3
1061	291	3
205	912	3
205	880	3
205	878	3
205	879	3
205	864	3
205	120	3
205	1132	3
185	869	3
185	694	3
185	892	3
185	863	3
185	185	3
185	291	3
1133	878	3
116	934	3
116	858	3
116	857	3
116	1134	3
60	939	3
207	895	3
207	289	3
207	856	3
1135	865	3
1135	867	3
1135	873	3
208	630	3
208	863	3
208	420	3
783	1136	3
783	749	3
783	1137	3
783	1138	3
783	1139	3
783	950	3
783	601	3
783	1076	3
783	449	3
783	246	3
783	1140	3
783	65	3
783	1141	3
783	836	3
783	468	3
1142	971	3
1142	1143	3
1142	986	3
1142	1144	3
1142	198	3
1142	891	3
1145	863	3
210	536	3
210	836	3
679	694	3
679	597	3
679	868	3
213	1129	3
213	244	3
213	1085	3
570	1071	3
688	1146	3
688	1147	3
214	1148	3
214	381	3
214	940	3
214	1149	3
1150	289	3
1151	1152	3
215	114	3
215	229	3
215	973	3
215	694	3
215	1005	3
686	860	3
686	351	3
686	882	3
686	680	3
686	130	3
686	694	3
686	856	3
686	869	3
1153	694	3
1153	130	3
1153	185	3
1153	954	3
1153	289	3
1153	869	3
1153	863	3
1153	738	3
1153	868	3
1153	291	3
1153	1045	3
1153	351	3
693	880	3
693	912	3
693	581	3
693	1154	3
693	879	3
693	864	3
220	912	3
220	891	3
225	856	3
225	1110	3
225	213	3
225	1155	3
225	1011	3
225	475	3
225	215	3
225	1005	3
47	45	3
47	859	3
228	55	3
228	867	3
228	950	3
228	869	3
228	291	3
1156	859	3
1156	185	3
1156	289	3
1156	867	3
1156	869	3
1156	351	3
703	581	3
703	738	3
704	289	3
704	1026	3
704	597	3
704	856	3
15	939	3
15	942	3
15	870	3
15	1157	3
15	114	3
15	1158	3
15	351	3
15	796	3
15	943	3
15	879	3
15	935	3
15	884	3
15	945	3
15	902	3
15	868	3
15	547	3
15	874	3
15	694	3
15	709	3
15	1159	3
15	880	3
15	1026	3
15	1160	3
15	941	3
15	882	3
15	878	3
15	130	3
15	1161	3
15	865	3
15	867	3
15	120	3
15	989	3
15	903	3
15	869	3
15	597	3
15	185	3
15	896	3
15	901	3
15	1115	3
15	284	3
15	1162	3
15	859	3
15	289	3
15	944	3
230	1163	3
230	1164	3
230	735	3
230	998	3
230	131	3
706	882	3
706	475	3
371	1017	3
816	878	3
816	1165	3
816	912	3
816	1154	3
816	1166	3
816	120	3
816	880	3
816	864	3
574	694	3
1167	1168	3
1167	1010	3
231	289	3
231	904	3
231	867	3
231	897	3
708	950	3
708	1169	3
874	663	3
874	1054	3
874	879	3
232	663	3
1170	1066	3
1170	536	3
1170	338	3
1170	311	3
1170	1069	3
1170	970	3
237	859	3
237	1171	3
237	892	3
237	261	3
237	289	3
237	130	3
237	867	3
237	860	3
237	889	3
237	879	3
237	868	3
237	877	3
237	291	3
237	866	3
237	680	3
237	962	3
237	1123	3
237	869	3
237	812	3
239	892	3
239	868	3
239	291	3
239	969	3
239	865	3
239	1105	3
239	863	3
239	1108	3
239	1085	3
1172	1173	3
246	867	3
246	254	3
246	351	3
246	680	3
246	939	3
246	892	3
246	857	3
246	1174	3
246	432	3
246	1067	3
246	977	3
246	805	3
246	935	3
246	864	3
246	1175	3
246	1004	3
246	1176	3
246	985	3
246	168	3
246	870	3
246	581	3
246	1177	3
246	859	3
246	905	3
246	694	3
246	904	3
246	475	3
246	1178	3
246	1027	3
246	873	3
246	1179	3
246	749	3
246	895	3
246	424	3
246	875	3
246	1180	3
246	860	3
246	1181	3
246	134	3
246	311	3
246	778	3
246	1166	3
246	627	3
246	844	3
246	1042	3
246	1093	3
246	83	3
246	903	3
246	856	3
246	965	3
246	868	3
246	113	3
246	1026	3
246	441	3
246	2	3
246	866	3
246	185	3
246	1076	3
246	906	3
246	1014	3
246	1064	3
246	912	3
246	858	3
246	733	3
246	283	3
246	1182	3
711	901	3
711	1089	3
712	1082	3
712	856	3
712	296	3
712	854	3
712	694	3
712	2	3
712	1098	3
712	475	3
242	879	3
1183	878	3
1183	869	3
1183	867	3
1184	1185	3
1186	879	3
73	942	3
73	1001	3
73	120	3
73	944	3
73	882	3
73	879	3
73	1003	3
73	869	3
73	885	3
73	884	3
73	874	3
73	733	3
73	1187	3
73	130	3
73	1000	3
247	1046	3
248	884	3
692	1005	3
559	869	3
559	1016	3
559	860	3
559	1188	3
559	351	3
559	1015	3
559	876	3
559	866	3
559	879	3
559	877	3
559	1030	3
559	889	3
251	892	3
251	287	3
251	936	3
251	911	3
251	980	3
251	694	3
1189	989	3
1189	884	3
254	878	3
254	1132	3
254	1190	3
254	1191	3
254	880	3
254	912	3
254	10	3
254	120	3
254	1154	3
254	879	3
254	1192	3
254	1193	3
254	581	3
254	864	3
17	130	3
17	694	3
17	868	3
17	954	3
17	289	3
17	185	3
17	867	3
17	144	3
17	291	3
17	1045	3
17	869	3
17	1098	3
17	597	3
1194	114	3
261	877	3
261	869	3
261	130	3
261	291	3
294	1005	3
680	869	3
680	860	3
680	1029	3
268	183	3
268	940	3
268	117	3
268	121	3
269	899	3
269	289	3
269	597	3
269	879	3
269	120	3
269	902	3
1195	1042	3
1195	135	3
1195	738	3
1195	869	3
717	1196	3
717	859	3
717	291	3
717	1064	3
717	83	3
717	869	3
717	135	3
245	133	3
245	895	3
245	135	3
245	879	3
245	977	3
245	291	3
245	962	3
245	1197	3
245	83	3
245	869	3
245	112	3
245	134	3
245	680	3
245	859	3
245	904	3
245	856	3
245	654	3
245	694	3
595	114	3
595	1198	3
595	880	3
595	1182	3
595	1199	3
595	1200	3
595	1201	3
595	879	3
689	916	3
689	441	3
1202	867	3
1202	879	3
1202	289	3
1202	694	3
1202	902	3
1202	878	3
1202	906	3
1202	1026	3
1202	1115	3
1202	868	3
1202	880	3
719	1026	3
719	1103	3
719	893	3
719	694	3
719	935	3
719	654	3
1203	962	3
1203	904	3
276	1064	3
276	1065	3
276	903	3
276	856	3
276	289	3
1204	323	3
279	875	3
279	879	3
279	892	3
280	879	3
721	868	3
721	791	3
721	856	3
721	896	3
282	903	3
282	1205	3
282	892	3
30	29	3
30	856	3
30	895	3
30	1080	3
30	245	3
284	1074	3
284	1206	3
778	935	3
778	867	3
778	1207	3
778	1043	3
778	1208	3
778	694	3
778	999	3
778	918	3
778	1178	3
778	887	3
778	1077	3
778	1209	3
778	1210	3
778	300	3
778	1009	3
286	869	3
286	962	3
286	911	3
286	913	3
286	904	3
286	912	3
286	1211	3
286	694	3
286	1043	3
286	738	3
286	399	3
440	869	3
440	83	3
440	649	3
440	229	3
440	1071	3
1212	1026	3
125	289	3
125	879	3
125	884	3
125	1005	3
125	869	3
125	291	3
725	859	3
725	694	3
725	1005	3
725	289	3
298	1213	3
298	638	3
298	268	3
298	940	3
1214	289	3
1214	1025	3
1214	940	3
1214	879	3
1214	867	3
302	973	3
302	168	3
302	878	3
302	921	3
302	694	3
302	902	3
302	1215	3
302	1082	3
302	1155	3
302	64	3
302	879	3
302	25	3
302	29	3
302	904	3
302	346	3
302	856	3
302	581	3
302	880	3
302	574	3
302	859	3
302	1216	3
302	475	3
302	869	3
302	867	3
302	83	3
302	114	3
302	873	3
302	1217	3
302	868	3
302	1218	3
302	716	3
302	245	3
302	977	3
302	120	3
302	909	3
302	863	3
302	289	3
302	1005	3
302	738	3
302	254	3
302	804	3
302	854	3
302	875	3
302	240	3
302	895	3
302	940	3
302	1033	3
302	1219	3
302	1220	3
302	936	3
302	959	3
302	55	3
302	597	3
302	778	3
302	896	3
1221	892	3
1221	635	3
1221	1222	3
1221	198	3
1221	520	3
1223	694	3
493	289	3
304	1224	3
306	1225	3
306	1006	3
309	983	3
309	892	3
309	903	3
309	891	3
309	1226	3
309	997	3
309	987	3
643	936	3
315	312	3
310	738	3
310	694	3
310	1178	3
310	1026	3
310	887	3
310	935	3
310	778	3
310	918	3
944	877	3
21	1151	3
21	130	3
21	732	3
21	1227	3
21	521	3
21	1228	3
21	1029	3
21	1131	3
21	859	3
21	652	3
21	2	3
21	1229	3
21	300	3
21	1188	3
21	856	3
21	1230	3
21	743	3
21	1011	3
21	417	3
727	140	3
727	1231	3
727	929	3
727	1232	3
312	1193	3
461	880	3
461	120	3
461	1193	3
461	1059	3
461	879	3
461	2	3
317	868	3
317	885	3
317	882	3
1233	694	3
1233	866	3
154	889	3
728	884	3
728	1027	3
728	904	3
728	291	3
728	962	3
728	1234	3
728	857	3
1235	1177	3
1235	832	3
1235	836	3
1235	764	3
1235	1034	3
1235	532	3
1235	1136	3
1235	1138	3
1235	1076	3
59	863	3
59	991	3
59	869	3
59	208	3
59	867	3
59	291	3
59	1116	3
83	135	3
83	1232	3
83	958	3
83	867	3
83	812	3
83	130	3
83	904	3
83	133	3
83	977	3
83	959	3
83	939	3
83	694	3
83	911	3
83	935	3
83	635	3
83	895	3
83	1236	3
83	998	3
83	1237	3
83	869	3
83	971	3
83	856	3
83	879	3
1238	289	3
1238	1239	3
443	1240	3
443	865	3
443	879	3
319	836	3
321	663	3
321	495	3
1241	941	3
1242	743	3
1242	1103	3
1242	903	3
1242	1064	3
1242	680	3
1242	1026	3
1242	510	3
326	694	3
326	977	3
326	733	3
326	432	3
326	135	3
296	916	3
296	114	3
296	812	3
296	941	3
296	1243	3
296	694	3
296	879	3
296	120	3
732	893	3
732	289	3
732	1011	3
732	654	3
732	1026	3
732	694	3
732	895	3
732	879	3
732	856	3
327	939	3
327	920	3
327	965	3
327	892	3
330	895	3
330	654	3
332	1027	3
332	977	3
332	733	3
332	1244	3
332	1245	3
332	962	3
332	1246	3
332	351	3
332	803	3
332	778	3
332	627	3
332	856	3
332	905	3
332	694	3
332	997	3
332	1192	3
332	868	3
332	581	3
332	133	3
332	1043	3
1247	130	3
1247	286	3
1090	879	3
336	289	3
336	1248	3
336	317	3
336	898	3
336	2	3
336	1216	3
336	756	3
336	1249	3
336	536	3
336	903	3
336	1059	3
336	480	3
336	939	3
336	868	3
336	413	3
336	902	3
336	1026	3
336	597	3
336	694	3
336	291	3
336	867	3
336	869	3
336	1250	3
336	863	3
336	865	3
336	281	3
336	551	3
336	1122	3
336	654	3
336	417	3
336	130	3
336	52	3
314	911	3
314	978	3
314	287	3
314	312	3
314	283	3
314	398	3
314	1251	3
314	2	3
314	980	3
314	713	3
314	731	3
314	973	3
314	694	3
314	1252	3
314	723	3
314	819	3
314	576	3
314	936	3
734	749	3
734	694	3
734	495	3
734	627	3
734	83	3
734	1106	3
734	286	3
734	958	3
734	140	3
734	980	3
734	333	3
734	291	3
734	1253	3
734	735	3
734	650	3
734	351	3
734	1254	3
338	1064	3
338	903	3
338	1029	3
338	1026	3
616	351	3
616	869	3
616	868	3
616	130	3
616	291	3
616	876	3
616	860	3
616	289	3
340	950	3
340	208	3
340	1255	3
340	962	3
340	970	3
340	933	3
340	903	3
340	1256	3
340	989	3
340	836	3
1257	1258	3
1257	599	3
1257	1259	3
1257	940	3
1257	853	3
1257	993	3
341	860	3
1260	892	3
1260	1261	3
1260	694	3
1260	957	3
1260	891	3
342	291	3
342	680	3
342	627	3
342	125	3
342	168	3
342	327	3
342	1262	3
342	694	3
342	351	3
342	869	3
342	1263	3
342	47	3
342	1264	3
346	264	3
346	215	3
346	876	3
346	245	3
346	867	3
346	905	3
346	289	3
346	1215	3
346	531	3
346	950	3
346	229	3
346	55	3
346	168	3
347	940	3
347	536	3
347	1265	3
347	268	3
1266	863	3
1266	869	3
1266	289	3
1266	865	3
1266	185	3
1266	291	3
1266	694	3
350	389	3
350	351	3
350	562	3
350	291	3
350	889	3
742	869	3
742	351	3
742	291	3
742	289	3
742	120	3
1267	869	3
1267	694	3
1267	860	3
1267	291	3
1267	289	3
1267	286	3
1267	868	3
1268	940	3
1269	357	3
1269	1270	3
1269	1271	3
1272	879	3
50	1273	3
1274	29	3
1274	891	3
1274	923	3
1274	756	3
1274	896	3
1274	1091	3
1274	122	3
1274	429	3
1274	431	3
1275	289	3
1275	516	3
1275	869	3
1275	694	3
1275	867	3
352	879	3
619	120	3
619	868	3
619	286	3
619	869	3
619	291	3
619	889	3
619	185	3
619	130	3
619	1015	3
619	680	3
619	289	3
619	859	3
619	1113	3
619	856	3
619	1188	3
640	694	3
640	287	3
640	911	3
640	869	3
640	289	3
640	2	3
640	965	3
640	799	3
640	351	3
354	1005	3
354	869	3
354	1085	3
354	884	3
354	291	3
354	114	3
354	71	3
354	289	3
750	1276	3
750	939	3
750	869	3
750	1277	3
750	291	3
750	973	3
750	114	3
750	867	3
752	130	3
752	860	3
752	869	3
752	868	3
127	884	3
127	882	3
127	885	3
127	597	3
1278	1279	3
1278	1109	3
1278	179	3
1278	945	3
1280	694	3
145	892	3
145	1045	3
145	185	3
145	1281	3
145	1282	3
145	967	3
145	1218	3
145	971	3
145	141	3
145	1283	3
145	1098	3
145	954	3
145	1284	3
145	1285	3
145	114	3
145	1251	3
297	944	3
297	130	3
297	876	3
297	168	3
297	291	3
297	1171	3
297	289	3
297	868	3
753	1004	3
753	895	3
753	856	3
753	863	3
753	135	3
753	114	3
753	977	3
753	635	3
753	962	3
753	1286	3
358	130	3
358	627	3
358	971	3
358	935	3
358	291	3
358	287	3
358	856	3
358	135	3
358	1287	3
358	1288	3
358	133	3
358	581	3
358	911	3
358	869	3
358	817	3
358	432	3
358	694	3
363	475	3
363	694	3
363	892	3
1289	130	3
1289	867	3
1289	351	3
1289	694	3
1289	935	3
329	860	3
329	1004	3
329	224	3
329	130	3
329	680	3
329	889	3
329	581	3
329	120	3
329	902	3
329	866	3
329	334	3
329	869	3
329	923	3
329	20	3
329	227	3
329	879	3
329	2	3
329	752	3
329	1029	3
329	47	3
329	878	3
329	338	3
329	1037	3
329	1076	3
329	351	3
329	936	3
329	1177	3
329	1188	3
329	805	3
329	694	3
329	475	3
335	121	3
335	903	3
335	351	3
335	289	3
335	639	3
335	269	3
335	55	3
335	860	3
335	867	3
335	168	3
335	291	3
335	966	3
335	130	3
335	1004	3
335	694	3
335	869	3
335	796	3
335	627	3
335	1157	3
335	396	3
335	868	3
335	183	3
335	876	3
335	936	3
335	458	3
335	278	3
1290	1099	3
1291	799	3
1291	965	3
1291	1067	3
362	246	3
362	135	3
362	1292	3
362	133	3
362	20	3
362	581	3
362	716	3
362	1042	3
362	1293	3
362	1294	3
362	926	3
362	1175	3
362	991	3
362	432	3
362	977	3
362	749	3
362	694	3
362	1288	3
362	892	3
362	120	3
362	290	3
362	83	3
362	971	3
362	229	3
362	130	3
362	940	3
362	817	3
362	196	3
362	935	3
362	980	3
362	358	3
362	856	3
362	1013	3
362	1074	3
366	713	3
366	229	3
757	446	3
757	875	3
757	891	3
757	627	3
757	912	3
757	879	3
558	868	3
558	854	3
558	120	3
558	475	3
558	1216	3
558	1219	3
558	867	3
558	2	3
558	1098	3
558	1047	3
558	916	3
558	289	3
558	597	3
558	278	3
558	1045	3
558	1239	3
31	1029	3
31	1295	3
31	1296	3
31	895	3
31	680	3
31	120	3
31	1297	3
31	133	3
31	135	3
31	856	3
31	1113	3
31	29	3
31	694	3
31	819	3
31	1298	3
31	186	3
368	289	3
368	869	3
368	874	3
368	965	3
555	877	3
555	733	3
555	264	3
555	1005	3
555	1082	3
1299	120	3
1299	879	3
1299	1059	3
1299	289	3
1299	878	3
1299	441	3
1299	864	3
1299	71	3
1299	168	3
1300	962	3
1300	904	3
255	856	3
255	654	3
255	510	3
255	130	3
255	719	3
255	860	3
255	720	3
255	170	3
255	291	3
512	916	3
512	743	3
512	179	3
512	868	3
512	954	3
512	654	3
512	458	3
512	799	3
512	965	3
512	597	3
512	891	3
512	1011	3
512	856	3
512	1230	3
512	694	3
512	289	3
369	904	3
369	1027	3
369	867	3
369	694	3
369	856	3
369	264	3
369	135	3
759	1276	3
759	114	3
759	620	3
759	1084	3
759	1085	3
759	291	3
759	869	3
759	973	3
759	867	3
759	1301	3
759	1302	3
370	47	3
370	863	3
370	912	3
370	495	3
370	1082	3
370	694	3
370	867	3
370	962	3
760	289	3
760	135	3
760	229	3
760	903	3
760	1088	3
1303	1239	3
761	1026	3
761	1064	3
761	903	3
761	597	3
761	762	3
761	906	3
372	836	3
1304	1026	3
1304	289	3
1304	879	3
1304	597	3
1304	869	3
1304	878	3
1304	939	3
1304	902	3
763	855	3
763	1264	3
763	903	3
763	896	3
156	654	3
156	597	3
156	289	3
156	694	3
156	879	3
156	868	3
156	880	3
156	284	3
764	536	3
764	764	3
765	935	3
766	945	3
378	874	3
381	940	3
1305	1306	3
714	860	3
714	291	3
714	680	3
714	869	3
714	868	3
135	855	3
135	856	3
135	904	3
135	133	3
135	962	3
135	635	3
135	29	3
382	1069	3
382	429	3
382	208	3
383	962	3
383	694	3
383	856	3
383	904	3
383	977	3
383	1105	3
1307	933	3
1307	828	3
1307	1116	3
1307	863	3
397	873	3
397	694	3
397	289	3
397	867	3
397	1026	3
400	997	3
400	971	3
400	735	3
400	1308	3
400	969	3
400	1309	3
400	1284	3
400	1287	3
400	1256	3
400	1028	3
400	1222	3
400	1310	3
400	927	3
400	83	3
1311	1038	3
1311	1312	3
1311	119	3
1313	971	3
1313	892	3
1313	970	3
1314	880	3
166	630	3
166	1026	3
166	289	3
166	916	3
166	1285	3
166	879	3
166	859	3
166	868	3
166	121	3
166	694	3
166	944	3
166	995	3
166	581	3
166	1315	3
166	923	3
166	597	3
166	1245	3
166	902	3
166	945	3
166	1157	3
166	408	3
166	1250	3
166	1047	3
166	867	3
774	289	3
774	1082	3
774	694	3
774	965	3
774	2	3
774	856	3
1316	1317	3
168	879	3
168	856	3
168	694	3
168	935	3
168	874	3
168	289	3
1318	935	3
1318	892	3
1318	1319	3
1318	254	3
1318	130	3
1318	581	3
1318	424	3
1318	114	3
1318	1245	3
1318	863	3
197	962	3
775	1320	3
775	903	3
775	897	3
775	1026	3
775	1321	3
775	902	3
403	654	3
403	1026	3
403	284	3
403	1322	3
403	1323	3
403	289	3
777	885	3
777	883	3
777	858	3
1042	904	3
1042	856	3
1042	351	3
1042	959	3
1042	133	3
1042	2	3
1042	939	3
1042	874	3
1042	864	3
1042	879	3
1042	962	3
1042	869	3
1042	738	3
1042	867	3
1042	977	3
1042	971	3
1042	998	3
1042	635	3
1042	895	3
1042	135	3
229	973	3
229	950	3
229	135	3
229	856	3
229	905	3
229	1084	3
229	904	3
229	869	3
229	863	3
229	133	3
229	1264	3
229	879	3
229	977	3
229	291	3
229	1043	3
229	694	3
229	867	3
229	819	3
229	264	3
406	1297	3
406	874	3
406	1324	3
406	1024	3
779	879	3
779	694	3
413	864	3
413	885	3
413	884	3
414	1005	3
414	884	3
414	989	3
730	1325	3
1326	289	3
415	630	3
415	892	3
415	536	3
415	938	3
415	991	3
415	904	3
415	863	3
415	986	3
417	867	3
417	856	3
417	869	3
417	859	3
417	300	3
417	120	3
417	83	3
417	654	3
417	1014	3
417	895	3
417	1010	3
417	896	3
417	855	3
417	694	3
417	291	3
417	289	3
417	868	3
417	1011	3
1327	1328	3
497	998	3
497	918	3
497	452	3
497	1329	3
497	929	3
497	868	3
497	935	3
497	694	3
497	1330	3
497	980	3
497	83	3
497	735	3
497	812	3
497	927	3
497	468	3
497	627	3
497	1331	3
497	879	3
578	76	3
578	311	3
578	1076	3
578	1332	3
578	449	3
578	551	3
578	1069	3
418	879	3
418	892	3
418	875	3
422	399	3
1333	1284	3
1333	1334	3
1335	1098	3
424	927	3
424	1255	3
424	998	3
424	873	3
429	311	3
429	950	3
429	1336	3
429	1337	3
429	1338	3
429	198	3
429	45	3
429	378	3
432	1292	3
432	916	3
432	654	3
432	856	3
432	981	3
432	1064	3
432	1181	3
432	903	3
432	1065	3
432	977	3
432	971	3
432	1012	3
432	581	3
432	1339	3
432	135	3
442	185	3
442	903	3
281	899	3
281	812	3
281	902	3
281	83	3
281	120	3
281	942	3
281	694	3
281	903	3
281	879	3
281	878	3
281	567	3
281	1158	3
281	880	3
281	860	3
281	885	3
794	1121	3
794	867	3
627	1164	3
627	935	3
627	1330	3
627	918	3
627	812	3
627	1236	3
627	83	3
627	879	3
444	291	3
444	268	3
444	869	3
446	689	3
446	1062	3
1340	663	3
1341	879	3
307	1225	3
307	991	3
307	940	3
307	951	3
307	1006	3
307	536	3
307	950	3
677	619	3
677	441	3
677	1029	3
677	1342	3
677	120	3
677	1188	3
677	130	3
677	869	3
677	65	3
677	291	3
677	868	3
677	314	3
677	185	3
677	954	3
677	1248	3
1343	903	3
1343	879	3
1343	901	3
1343	120	3
1343	1122	3
1343	597	3
1343	547	3
1343	1026	3
1343	897	3
1343	654	3
681	965	3
681	660	3
681	396	3
681	989	3
681	1005	3
681	884	3
681	887	3
681	799	3
681	970	3
681	819	3
797	856	3
797	977	3
797	290	3
797	935	3
797	694	3
797	927	3
797	130	3
797	867	3
1344	289	3
487	291	3
487	694	3
487	130	3
487	876	3
487	351	3
805	1283	3
805	987	3
805	903	3
805	1043	3
805	971	3
805	993	3
805	983	3
805	1116	3
805	974	3
805	311	3
805	660	3
805	950	3
805	630	3
805	986	3
805	420	3
805	208	3
805	641	3
416	694	3
416	904	3
416	134	3
416	962	3
416	743	3
416	289	3
416	867	3
416	1105	3
416	29	3
416	229	3
416	895	3
416	977	3
416	896	3
416	856	3
416	135	3
416	133	3
1345	856	3
1345	198	3
1345	892	3
1345	986	3
1345	1346	3
1345	1261	3
1345	764	3
1347	1348	3
798	879	3
798	875	3
451	738	3
452	1331	3
452	735	3
452	491	3
873	863	3
1349	977	3
1349	856	3
1349	133	3
1349	896	3
1349	114	3
1349	694	3
454	254	3
454	856	3
455	298	3
455	121	3
455	874	3
455	1054	3
455	289	3
1350	903	3
456	289	3
456	597	3
456	1351	3
456	945	3
456	944	3
1352	867	3
1353	879	3
288	878	3
288	1279	3
288	880	3
288	879	3
288	1354	3
504	600	3
504	1355	3
1356	553	3
1356	867	3
1356	865	3
1356	864	3
1356	855	3
1356	135	3
1356	866	3
458	120	3
458	916	3
458	289	3
802	980	3
802	83	3
802	627	3
1357	257	3
1357	47	3
1357	1285	3
1357	1251	3
1357	235	3
1357	185	3
1357	521	3
1357	879	3
1357	1193	3
1357	1098	3
1357	246	3
1357	65	3
1357	168	3
1357	819	3
1357	919	3
1357	694	3
1358	520	3
1358	959	3
1358	208	3
1358	1116	3
1358	1069	3
460	1059	3
460	879	3
460	289	3
1162	289	3
1359	856	3
1359	896	3
1359	1360	3
1359	903	3
463	1099	3
463	896	3
463	743	3
463	855	3
463	856	3
1361	114	3
464	130	3
464	289	3
464	286	3
465	885	3
465	441	3
465	289	3
465	879	3
807	1362	3
807	864	3
807	915	3
807	1363	3
807	880	3
1364	1365	3
1366	897	3
1366	1367	3
1366	289	3
1366	1026	3
1366	372	3
1366	208	3
1366	864	3
1366	905	3
1366	630	3
467	895	3
467	1028	3
467	903	3
467	1064	3
467	1031	3
467	1026	3
808	114	3
808	879	3
936	1368	3
936	892	3
470	1059	3
436	804	3
436	291	3
436	694	3
436	819	3
436	858	3
436	1093	3
436	1178	3
436	950	3
436	1098	3
436	867	3
436	1062	3
436	892	3
436	919	3
436	290	3
436	1193	3
436	1064	3
436	1045	3
436	1369	3
472	291	3
472	868	3
472	864	3
472	1026	3
472	547	3
472	289	3
810	895	3
810	1029	3
810	903	3
810	1031	3
811	940	3
1370	855	3
1370	135	3
612	879	3
790	1371	3
1372	893	3
1372	916	3
1372	264	3
468	290	3
468	935	3
468	694	3
468	859	3
468	627	3
468	1178	3
475	1244	3
475	135	3
475	694	3
475	1027	3
475	977	3
475	1297	3
475	1246	3
475	627	3
475	803	3
475	867	3
475	856	3
477	567	3
477	884	3
477	885	3
477	943	3
477	126	3
813	929	3
813	735	3
813	1164	3
813	998	3
813	741	3
813	627	3
813	83	3
479	1005	3
479	1108	3
479	229	3
479	836	3
479	1085	3
479	973	3
479	114	3
1373	945	3
1373	597	3
1373	885	3
1373	884	3
1373	876	3
806	915	3
806	803	3
806	1374	3
806	1375	3
806	988	3
569	281	3
569	287	3
569	911	3
569	291	3
569	694	3
569	869	3
480	601	3
480	289	3
480	856	3
480	654	3
480	1011	3
835	884	3
488	877	3
488	130	3
488	289	3
488	860	3
488	291	3
1376	860	3
1376	680	3
1376	869	3
1376	903	3
1376	694	3
1376	130	3
1377	627	3
1377	869	3
1377	904	3
1377	879	3
482	836	3
485	869	3
485	1043	3
485	130	3
485	1378	3
485	1018	3
485	694	3
485	865	3
485	185	3
485	868	3
485	954	3
485	863	3
634	869	3
634	1055	3
814	289	3
814	895	3
814	475	3
814	694	3
1379	719	3
1379	893	3
1379	289	3
1379	868	3
486	1115	3
486	864	3
421	880	3
421	879	3
421	875	3
1380	868	3
1380	869	3
1381	1046	3
355	860	3
355	1030	3
355	1000	3
355	1016	3
355	130	3
355	1248	3
355	1058	3
355	856	3
355	475	3
355	868	3
355	876	3
355	291	3
355	877	3
355	351	3
355	694	3
489	909	3
489	1082	3
489	694	3
489	627	3
489	895	3
489	1165	3
489	873	3
489	289	3
489	856	3
489	83	3
780	694	3
780	878	3
780	879	3
780	880	3
780	867	3
780	289	3
1382	289	3
1383	291	3
1383	868	3
1383	185	3
1383	694	3
1383	865	3
1383	289	3
1383	954	3
1383	892	3
1383	869	3
1383	863	3
819	1384	3
819	985	3
770	334	3
770	382	3
770	1140	3
770	600	3
770	1115	3
770	311	3
770	1138	3
770	351	3
820	1385	3
820	895	3
820	856	3
820	962	3
820	855	3
820	135	3
820	694	3
820	1045	3
820	896	3
820	114	3
491	929	3
491	863	3
491	452	3
491	627	3
1386	903	3
1386	1387	3
1386	1045	3
1386	203	3
1386	289	3
1386	694	3
1386	1098	3
1386	812	3
1386	868	3
1386	597	3
1386	1026	3
1386	859	3
1386	940	3
1386	1073	3
1386	120	3
1386	879	3
1386	1047	3
1386	1043	3
1386	135	3
1386	854	3
1386	654	3
1386	547	3
1386	1014	3
1386	856	3
1386	185	3
1386	867	3
1386	264	3
1386	895	3
623	268	3
623	940	3
498	254	3
498	1105	3
498	130	3
498	1004	3
498	1045	3
498	889	3
498	868	3
498	581	3
1388	83	3
825	879	3
825	892	3
492	1164	3
492	1222	3
492	83	3
492	1069	3
492	871	3
492	1329	3
492	694	3
492	868	3
492	1330	3
492	491	3
492	863	3
1389	929	3
505	627	3
505	980	3
505	83	3
505	694	3
505	1330	3
829	133	3
829	856	3
829	135	3
1390	864	3
1390	892	3
1390	904	3
1390	694	3
1390	869	3
1390	863	3
1390	130	3
1390	290	3
1390	977	3
1390	860	3
1390	962	3
508	897	3
509	1391	3
509	896	3
509	895	3
509	856	3
1392	432	3
1392	762	3
1392	1011	3
1392	130	3
1392	654	3
830	879	3
140	1251	3
140	869	3
140	1053	3
1393	1064	3
1393	938	3
1393	879	3
1393	916	3
1393	903	3
514	165	3
172	856	3
172	1394	3
172	29	3
172	245	3
172	229	3
172	1395	3
516	1366	3
516	654	3
516	707	3
516	180	3
516	893	3
516	719	3
516	170	3
516	289	3
516	1081	3
516	547	3
769	976	3
769	1069	3
769	1257	3
769	382	3
769	254	3
769	291	3
65	868	3
65	939	3
65	291	3
65	1240	3
65	863	3
65	312	3
65	936	3
65	978	3
65	287	3
65	738	3
65	867	3
65	869	3
65	950	3
65	71	3
65	680	3
65	911	3
65	723	3
65	694	3
65	999	3
65	1043	3
65	351	3
65	2	3
65	866	3
65	980	3
1396	289	3
1397	867	3
518	891	3
518	892	3
521	863	3
521	1398	3
521	1012	3
521	887	3
521	1105	3
521	896	3
521	1399	3
521	1400	3
521	904	3
521	856	3
521	1045	3
831	1401	3
831	985	3
831	1001	3
831	874	3
1322	856	3
55	523	3
55	536	3
55	630	3
55	1365	3
55	873	3
55	993	3
55	904	3
55	867	3
55	903	3
55	863	3
55	865	3
55	805	3
55	987	3
55	208	3
55	983	3
55	950	3
55	991	3
55	933	3
55	925	3
525	879	3
525	982	3
525	287	3
525	887	3
525	1002	3
525	1005	3
525	989	3
525	884	3
1402	1064	3
1402	965	3
1402	1342	3
1402	856	3
1402	903	3
1402	516	3
1402	1065	3
1402	2	3
1402	1248	3
1402	981	3
1402	895	3
1402	597	3
1402	417	3
1402	1011	3
1402	654	3
1402	694	3
1402	879	3
425	997	3
425	1284	3
425	627	3
425	83	3
425	863	3
425	903	3
425	1287	3
935	812	3
837	1016	3
837	1000	3
837	240	3
837	876	3
837	443	3
837	120	3
837	877	3
837	1158	3
837	879	3
837	1403	3
526	965	3
1404	1405	3
1404	1082	3
1404	854	3
1404	1026	3
1404	1219	3
1404	1031	3
1404	168	3
1404	83	3
1404	868	3
1404	874	3
1404	864	3
1404	867	3
1404	1030	3
1404	859	3
1404	1378	3
1404	879	3
1404	289	3
1404	1406	3
839	879	3
839	1407	3
840	856	3
840	709	3
840	855	3
840	1011	3
840	896	3
674	291	3
674	1408	3
674	869	3
674	185	3
674	289	3
527	630	3
527	869	3
527	291	3
527	904	3
527	836	3
1409	45	3
1409	879	3
528	1410	3
528	1014	3
528	1411	3
528	25	3
528	521	3
528	289	3
528	1412	3
528	1217	3
530	991	3
530	903	3
530	1413	3
530	856	3
530	983	3
530	1064	3
530	892	3
530	764	3
844	1414	3
844	934	3
531	531	3
847	868	3
847	859	3
847	1005	3
847	884	3
903	286	3
903	901	3
903	1028	3
903	654	3
903	1029	3
903	1115	3
903	291	3
903	1064	3
903	879	3
903	895	3
272	654	3
272	903	3
272	879	3
272	1064	3
384	694	3
384	896	3
384	654	3
384	289	3
384	856	3
384	1005	3
1415	654	3
532	694	3
532	654	3
532	977	3
1416	114	3
1416	351	3
534	654	3
534	867	3
534	289	3
534	869	3
1417	1346	3
538	1418	3
540	756	3
540	836	3
541	879	3
541	130	3
541	291	3
541	1113	3
541	289	3
542	1123	3
542	168	3
542	903	3
542	877	3
542	1031	3
542	904	3
542	869	3
542	291	3
542	130	3
542	991	3
542	970	3
542	680	3
542	286	3
542	694	3
542	859	3
542	864	3
542	738	3
542	1365	3
542	933	3
542	863	3
542	868	3
542	289	3
542	892	3
542	867	3
542	1016	3
849	2	3
849	694	3
849	868	3
849	289	3
849	597	3
849	264	3
849	856	3
359	627	3
359	134	3
359	351	3
359	694	3
850	627	3
850	868	3
850	338	3
850	130	3
850	860	3
850	351	3
850	1016	3
361	246	3
361	358	3
522	289	3
522	694	3
522	133	3
522	895	3
522	1105	3
522	856	3
522	867	3
522	977	3
522	962	3
522	1419	3
852	1064	3
852	1011	3
852	654	3
852	903	3
545	663	3
545	1420	3
545	289	3
545	903	3
545	1205	3
545	892	3
545	694	3
1421	935	3
795	869	3
853	694	3
853	1121	3
853	867	3
115	120	3
115	235	3
115	654	3
115	868	3
115	1239	3
115	346	3
115	716	3
115	856	3
115	1422	3
115	694	3
115	1423	3
115	895	3
115	875	3
115	475	3
115	859	3
115	1424	3
115	1425	3
115	298	3
115	923	3
1426	879	3
1426	892	3
1426	875	3
1426	939	3
494	660	3
494	351	3
494	1308	3
494	1256	3
494	1427	3
494	208	3
494	879	3
494	1310	3
494	873	3
494	903	3
494	1115	3
494	1428	3
494	983	3
494	959	3
494	1429	3
494	1430	3
494	636	3
494	1116	3
494	1283	3
494	1159	3
494	1284	3
494	805	3
494	887	3
494	1043	3
494	925	3
494	875	3
494	1237	3
494	1431	3
494	693	3
494	694	3
494	424	3
494	491	3
494	83	3
494	971	3
494	399	3
494	986	3
494	1432	3
63	351	3
63	168	3
63	47	3
63	327	3
63	125	3
63	1262	3
63	869	3
63	910	3
63	1263	3
63	680	3
63	291	3
547	898	3
547	291	3
547	289	3
547	694	3
547	903	3
547	1026	3
547	597	3
1433	1434	3
1433	243	3
322	963	3
322	71	3
322	884	3
322	1005	3
322	989	3
1435	1004	3
1436	1437	4
29	1438	4
57	1439	4
57	1440	4
57	1441	4
112	1438	4
1442	1438	4
434	1443	4
200	1444	4
208	1445	4
231	1446	4
245	1438	4
643	1437	4
1266	1437	4
358	1443	4
362	1443	4
763	1447	4
383	1448	4
168	1449	4
1318	1437	4
229	1438	4
432	1443	4
1450	1438	4
1359	1447	4
1359	1451	4
1359	1452	4
1383	1437	4
508	1453	4
1392	1443	4
852	1443	4
115	1449	4
1454	1437	4
335	867	3
65	287	3
17	130	3
552	468	2
456	1351	3
54	140	2
141	141	4
1455	246	2
1350	903	3
4	694	3
1386	547	3
1402	417	3
480	336	2
579	233	2
362	246	3
898	879	3
750	114	3
57	229	2
1455	694	3
521	522	0
516	719	3
302	55	3
113	65	0
14	17	0
704	289	3
352	879	3
779	694	3
18	937	3
1142	1143	3
1041	1042	3
1456	1456	0
465	879	3
492	83	3
468	246	2
1457	1457	0
65	867	3
86	601	2
914	915	3
491	424	0
728	20	2
359	627	3
421	879	3
1404	289	3
69	65	2
624	904	3
21	417	3
47	227	0
182	2	0
185	676	2
575	867	3
1257	1258	3
1156	867	3
464	286	3
1383	869	3
1359	1451	4
69	15	0
362	1292	3
71	120	3
707	284	3
1458	1458	0
1051	491	3
475	1297	3
903	654	3
119	468	2
170	21	2
55	840	0
874	879	3
6	874	3
509	80	0
530	983	3
458	120	3
721	856	3
413	942	3
456	289	3
332	329	0
102	291	3
310	310	3
521	1012	3
306	1225	3
783	1139	3
595	1201	3
228	468	2
168	289	3
1110	973	3
189	1	0
613	185	3
807	807	3
110	977	3
236	47	3
560	869	3
366	756	2
96	869	3
194	694	3
173	83	3
1269	1270	3
1202	867	3
610	735	3
255	130	3
17	185	3
131	628	2
185	17	2
619	120	3
261	238	0
110	694	3
210	536	3
213	244	3
522	289	3
1397	867	3
236	229	3
310	778	3
819	985	3
57	660	3
692	1005	3
1335	1098	3
335	639	3
156	879	3
229	233	2
185	667	2
870	723	3
191	940	3
1459	939	3
115	1424	3
813	83	3
96	83	3
541	130	3
212	65	0
640	694	3
1341	879	3
870	855	3
821	822	2
1048	458	3
759	869	3
409	468	2
634	869	3
775	1321	3
358	1287	3
110	233	2
554	554	0
734	83	3
96	291	3
18	867	3
162	1102	3
482	836	3
310	694	3
55	415	2
228	699	2
125	229	2
358	291	3
477	567	3
467	468	0
850	860	3
125	879	3
1455	935	3
811	623	2
14	284	3
302	581	3
508	2	0
563	289	3
213	683	2
83	869	3
76	55	2
55	536	3
509	514	0
246	1027	3
407	965	3
429	311	3
797	867	3
1460	654	3
555	733	3
90	859	3
342	627	3
47	116	2
1455	83	3
798	55	2
155	867	3
429	431	0
372	836	3
110	867	3
560	694	3
764	764	3
231	289	3
51	468	2
196	300	2
177	1026	3
390	391	0
602	185	3
516	707	3
37	351	3
639	115	2
121	120	0
310	1178	3
309	892	3
135	133	3
760	1088	3
67	68	0
116	1461	3
1462	867	3
797	233	2
131	1463	2
1436	1437	4
236	891	3
722	1464	3
1260	892	3
534	867	3
196	977	3
760	573	2
246	222	2
261	334	2
90	1021	3
156	156	1
367	627	2
335	396	3
528	529	0
194	869	3
168	468	2
246	592	1
58	694	3
1386	879	3
322	884	3
110	935	3
400	1465	3
446	1062	3
728	729	2
1153	954	3
1359	1447	4
721	896	3
416	116	2
1392	762	3
183	120	0
310	887	3
512	743	3
783	1141	3
1386	203	3
229	1264	3
424	998	3
770	311	3
378	468	2
255	856	3
52	289	3
366	65	2
191	867	3
302	879	3
769	1069	3
508	231	0
194	194	0
133	416	2
825	140	2
333	1466	2
346	2	0
616	468	2
1087	867	3
1343	1026	3
512	179	3
831	832	2
1409	45	3
21	1131	3
1358	520	3
1455	491	3
1356	553	3
658	47	2
765	626	2
602	1467	3
21	1229	3
110	869	3
171	1105	3
619	185	3
14	547	3
442	328	2
516	893	3
19	882	3
17	954	3
840	1011	3
509	21	0
43	44	0
1081	289	3
119	120	0
657	573	3
708	578	2
96	1033	3
41	694	3
778	694	3
144	687	3
110	133	3
1048	639	3
681	965	3
347	536	3
674	842	2
229	778	2
494	424	3
286	291	0
608	609	2
1468	1468	0
14	289	3
226	468	2
602	854	3
166	581	3
849	289	3
499	500	0
175	1014	3
29	694	3
361	246	3
358	1443	4
18	878	3
797	935	3
1469	755	2
436	291	3
1042	895	3
52	126	3
1242	510	3
532	1470	3
282	903	3
819	468	2
358	581	3
808	114	3
417	2	0
494	903	3
63	291	3
840	855	3
280	879	3
171	140	2
1257	993	3
460	879	3
113	892	3
630	869	3
1340	663	3
681	1005	3
205	879	3
624	856	3
458	289	3
17	867	3
213	1129	3
1156	289	3
530	903	3
384	289	3
728	19	2
246	1175	3
477	942	3
803	804	2
14	302	2
463	654	3
456	53	0
1290	185	3
1042	867	3
169	38	0
1242	680	3
610	611	2
416	65	2
815	815	0
750	568	2
639	488	2
340	970	3
568	973	3
1471	1471	0
1344	289	3
753	245	2
321	125	0
229	904	3
270	1472	0
797	130	3
467	338	0
706	595	2
643	1437	4
312	50	0
196	229	2
759	114	3
307	536	3
302	475	3
248	884	3
21	1227	3
326	694	3
332	856	3
704	1026	3
424	627	2
853	1121	3
281	65	2
15	15	0
351	879	3
215	973	3
6	121	3
599	600	2
207	895	3
332	1244	3
79	39	0
1247	286	3
55	925	3
850	237	2
414	120	0
378	379	0
162	983	3
541	289	3
29	468	2
752	869	3
229	905	3
602	694	3
605	289	3
215	114	3
563	571	2
504	1355	3
1290	1018	3
261	130	3
1204	323	3
1376	869	3
418	138	0
910	887	3
155	289	3
825	827	2
236	1473	3
833	833	0
898	880	3
417	1	0
1386	185	3
125	1474	0
497	110	3
276	1065	3
1459	867	3
619	130	3
870	398	3
570	1475	2
1094	856	3
145	1218	3
554	289	3
58	627	3
168	694	3
472	11	0
378	47	2
1313	892	3
14	16	0
10	289	3
712	694	3
156	284	3
232	233	0
51	198	3
707	867	3
302	346	3
335	291	3
370	694	3
1290	869	3
480	289	3
1476	1476	0
358	1288	3
1417	1346	3
498	334	2
333	291	3
170	867	3
279	879	3
657	879	3
605	130	3
840	709	3
366	468	2
121	2	2
270	247	0
558	2	3
714	291	3
845	235	3
177	291	3
416	468	2
178	879	3
711	697	2
475	803	3
173	47	3
458	439	0
64	731	3
475	1244	3
242	879	3
619	286	3
251	252	0
475	270	0
1042	635	3
956	627	3
775	1320	3
139	1069	3
619	747	2
547	1026	3
58	904	3
813	627	3
1459	289	3
1087	905	3
619	289	3
366	713	3
203	289	3
363	694	3
272	848	2
1151	1152	3
1383	185	3
110	904	3
191	97	0
145	892	3
417	654	3
281	336	2
229	1084	3
55	196	2
400	969	3
531	531	3
173	627	3
417	1011	3
956	735	3
1238	289	3
21	1011	3
229	694	3
732	289	3
446	689	3
142	158	0
170	2	0
138	879	3
1269	357	3
1386	1098	3
86	534	2
719	893	3
30	468	2
173	689	3
845	1477	3
1386	1026	3
358	869	3
759	973	3
98	468	2
119	879	3
1290	865	3
850	627	3
270	334	0
113	923	3
1386	694	3
191	833	0
102	103	0
416	120	0
849	2	3
429	380	0
182	879	3
75	229	2
558	289	3
71	126	3
425	83	3
1054	879	3
528	528	0
545	903	3
205	120	3
21	2	3
1345	892	3
335	694	3
415	415	2
1416	114	3
1459	41	0
844	334	2
797	927	3
677	468	2
596	289	3
760	135	3
228	291	3
297	291	3
521	245	0
21	20	3
1455	627	3
69	938	3
41	120	3
71	65	2
175	1473	0
444	268	3
521	1398	3
167	879	3
805	903	3
96	867	3
90	91	0
30	30	0
1042	1461	3
321	1473	0
25	694	3
575	893	3
774	289	3
534	39	0
359	694	3
442	185	3
778	1009	3
521	896	3
429	784	2
406	859	3
732	654	3
215	302	2
521	310	2
71	694	3
359	2	0
13	289	3
655	856	3
530	892	3
368	1	0
126	884	3
509	512	0
663	663	3
497	233	2
417	289	3
757	55	2
175	869	3
432	977	3
483	291	3
1087	906	3
170	893	3
21	300	3
1156	1156	0
327	329	0
425	1287	3
460	1059	3
1235	1034	3
133	134	0
541	1113	3
185	146	2
1353	879	3
67	289	3
750	939	3
806	468	2
302	289	3
528	289	3
4	5	0
1153	185	3
382	1069	3
602	1017	3
58	995	3
452	497	0
493	289	3
903	879	3
55	324	0
342	1473	3
71	74	0
397	1478	3
521	904	3
173	446	3
115	1422	3
378	380	0
96	289	3
276	156	0
802	110	3
1081	654	3
173	229	3
532	533	0
1396	289	3
1376	130	3
184	191	2
309	903	3
10	11	0
359	351	3
807	915	3
1469	224	3
451	738	3
874	663	3
512	65	2
182	289	3
418	421	0
616	289	3
953	879	3
499	1479	0
104	627	3
1379	289	3
55	468	2
51	1061	3
302	867	3
1086	879	3
196	895	3
1042	904	3
742	654	2
512	289	3
358	135	3
84	689	3
734	627	3
686	694	3
1257	940	3
620	229	2
568	468	2
29	879	3
3	289	3
1221	198	3
368	2	0
361	358	3
185	677	2
578	1332	3
110	879	3
1110	974	3
512	694	3
306	307	0
312	252	0
759	1302	3
602	869	3
452	1331	3
1390	869	3
145	1283	3
596	1014	3
677	869	3
475	694	3
1404	867	3
475	1027	3
1480	1480	0
1051	627	3
568	65	2
1081	120	3
62	63	0
847	2	2
65	911	3
207	120	0
86	289	3
516	654	3
117	268	3
185	185	3
706	942	3
1455	233	2
362	432	3
707	547	3
849	694	3
778	935	3
194	867	3
61	964	3
55	865	3
155	15	0
732	856	3
1235	1076	3
1402	694	3
1469	130	3
898	903	3
417	120	3
1042	1481	3
63	107	0
29	895	3
71	289	3
1469	879	3
335	278	3
505	627	3
464	130	3
113	879	3
752	130	3
125	289	3
662	873	3
451	7	0
133	904	3
255	291	3
123	617	2
355	351	3
309	987	3
480	654	3
910	911	3
498	868	3
1170	1069	3
554	130	3
1142	1142	2
619	104	2
335	869	3
605	286	3
340	1482	2
1364	1365	3
255	510	3
516	180	3
870	229	3
358	627	3
1041	977	3
302	120	3
579	935	3
142	41	0
128	623	2
494	1283	3
578	1483	0
191	50	2
444	869	3
1153	694	3
612	879	3
166	289	3
144	954	3
21	1151	3
302	110	3
640	2	3
472	289	3
191	39	0
98	233	2
90	93	0
803	115	2
1386	818	0
1426	879	3
175	125	0
17	289	3
15	939	3
65	978	3
90	1481	3
25	83	3
362	892	3
21	1230	3
479	2	0
1087	1090	3
1459	884	3
813	1164	3
358	911	3
346	120	0
228	1060	2
491	492	0
1202	879	3
1135	865	3
86	551	2
850	351	3
364	365	0
65	694	3
686	882	3
850	130	3
18	117	3
840	856	3
424	426	0
1357	168	3
144	1020	3
516	289	3
194	65	2
780	880	3
639	640	2
541	291	3
579	867	3
145	954	3
123	616	2
310	935	3
610	610	2
429	783	2
706	882	3
237	291	3
655	977	3
332	1027	3
686	351	3
722	629	3
497	1331	3
279	186	0
1267	289	3
722	1035	3
296	65	2
133	962	3
629	939	3
338	903	3
1376	694	3
752	860	3
429	198	3
144	1018	3
543	544	0
255	2	2
1455	879	3
17	144	3
429	378	3
933	925	3
512	334	2
512	336	2
619	869	3
569	291	3
657	289	3
125	297	0
613	869	3
508	1453	4
63	389	0
366	229	3
616	130	3
175	289	3
492	491	3
58	805	3
29	233	2
432	971	3
104	47	3
306	308	0
910	287	3
402	263	0
358	856	3
798	65	2
35	879	3
541	2	0
421	880	3
170	1090	3
306	75	0
1087	1091	3
465	885	3
813	110	3
681	468	2
65	980	3
521	171	0
483	630	3
560	130	3
1061	291	3
156	654	3
843	432	2
177	867	3
527	904	3
335	168	3
178	120	0
123	596	2
686	869	3
55	983	3
213	1085	3
463	81	0
239	709	2
602	1018	3
783	246	3
213	685	2
288	879	3
475	224	0
362	1443	4
417	895	3
378	45	2
338	510	2
424	927	3
1070	867	3
52	53	0
807	1363	3
254	581	3
1455	496	3
400	1308	3
1382	289	3
83	1236	3
208	168	0
459	98	0
479	973	3
629	694	3
58	993	3
171	229	2
333	233	2
595	468	2
424	428	0
25	512	2
1340	1340	3
434	762	3
341	262	0
559	351	3
417	140	2
302	936	3
516	1081	3
162	163	0
757	879	3
890	891	3
719	654	3
491	497	0
30	245	3
1484	1484	0
820	1045	3
58	2	2
302	7	0
173	935	3
296	694	3
125	1005	3
808	879	3
569	468	2
18	121	3
521	887	3
1459	943	3
302	694	3
84	85	0
236	819	3
18	939	3
191	289	3
494	660	3
477	126	3
415	863	3
757	891	3
707	893	3
362	83	3
504	600	3
10	880	3
483	836	3
213	322	2
434	1485	3
322	71	3
494	636	3
1486	1486	0
338	739	2
156	289	3
14	41	0
508	897	3
674	869	3
270	424	3
1352	867	3
465	441	3
270	694	3
55	867	3
479	1108	3
778	300	3
286	130	0
874	1054	3
216	218	0
215	692	2
1170	970	3
527	630	3
237	65	2
488	130	3
6	120	3
175	879	3
397	694	3
57	925	3
47	45	3
15	878	3
333	680	3
725	1005	3
602	602	0
133	135	0
302	168	3
722	920	3
284	267	0
624	869	3
1415	654	3
528	1411	3
90	867	3
185	669	2
144	140	2
362	135	3
288	1354	3
115	923	3
1388	83	3
286	904	3
200	1444	4
255	719	3
418	419	0
73	120	3
184	158	2
452	491	3
191	16	0
805	986	3
0	417	2
780	879	3
60	65	0
619	291	3
1304	869	3
1042	856	3
492	1164	3
432	359	0
552	351	3
196	904	3
57	1441	4
1487	83	3
173	911	3
505	83	3
116	1134	3
261	291	3
362	233	2
707	694	3
392	394	0
1433	1434	3
261	103	0
231	2	0
330	895	3
362	977	3
83	1232	3
483	904	3
845	844	3
338	1029	3
798	879	3
487	694	3
279	36	0
286	694	3
296	229	2
719	1026	3
237	74	0
734	291	3
309	891	3
461	2	3
757	391	2
681	396	3
115	694	3
434	1443	4
1313	970	3
522	895	3
108	109	0
849	578	2
569	694	3
844	468	2
131	83	2
29	869	3
432	246	0
1359	1452	4
1202	289	3
732	694	3
1186	879	3
530	7	0
133	977	3
757	627	3
400	83	3
1488	1488	0
175	2	0
1361	114	3
759	1084	3
115	7	0
759	568	2
1278	1109	3
71	879	3
640	869	3
805	971	3
540	756	3
968	865	3
340	83	2
362	229	3
69	39	0
845	20	3
677	954	3
131	627	2
90	1022	3
184	2	0
302	921	3
387	389	0
415	65	2
1316	1317	3
75	536	3
208	2	0
728	73	2
553	286	2
494	491	3
155	39	0
281	879	3
1041	110	3
258	259	0
237	289	3
358	130	3
381	940	3
1487	110	3
497	918	3
802	625	2
335	627	3
400	1287	3
1087	663	3
173	287	3
276	575	0
170	1489	2
1390	904	3
296	879	3
261	869	3
124	1005	3
77	78	0
155	41	0
215	690	2
813	1490	2
813	705	2
83	694	3
494	875	3
721	791	3
807	864	3
58	819	3
615	140	2
779	780	2
821	824	2
620	620	2
57	1439	4
100	101	0
57	922	3
910	286	3
246	185	3
347	2	2
302	64	3
55	229	2
674	291	3
1304	289	3
362	196	3
18	39	0
1242	1026	3
575	289	3
322	989	3
315	312	3
125	292	0
630	638	2
90	83	3
169	291	3
413	116	2
71	869	3
662	663	2
596	291	3
483	869	3
1274	756	3
475	856	3
844	358	2
90	694	3
475	1246	3
905	836	3
335	458	3
191	336	2
630	575	2
850	233	2
853	694	3
570	1071	3
728	1234	3
196	197	0
15	1026	3
248	53	0
516	170	3
1491	1491	0
475	135	3
1235	532	3
494	879	3
139	140	0
630	633	2
801	514	2
17	291	3
432	135	3
596	869	3
15	289	3
397	1026	3
870	135	3
96	709	3
714	869	3
616	869	3
162	162	3
578	1069	3
819	416	2
1357	1193	3
185	257	2
204	130	2
1343	879	3
641	166	2
728	291	3
1455	55	2
194	1492	0
553	135	3
297	168	3
820	114	3
870	863	3
1469	889	3
104	291	3
232	663	3
237	38	0
494	351	3
475	977	3
191	1025	3
490	65	0
554	869	3
568	867	3
825	879	3
254	255	0
144	1098	3
602	1019	3
15	41	0
759	229	2
783	1138	3
894	261	3
497	998	3
17	153	0
706	468	2
29	30	0
177	289	3
439	1125	3
568	291	3
229	867	3
460	461	0
444	291	3
18	284	3
159	160	0
73	53	0
757	2	2
442	669	2
472	1026	3
510	635	3
210	836	3
213	215	2
742	468	2
143	7	0
472	291	3
358	359	0
191	41	0
677	185	3
185	149	2
208	630	3
309	309	2
575	654	3
619	1113	3
84	595	2
429	1337	3
90	191	3
90	92	0
1404	879	3
30	895	3
613	289	3
135	635	3
104	106	0
184	805	3
807	880	3
317	882	3
113	115	0
194	1493	2
1494	1494	0
719	1103	3
340	233	0
681	819	3
805	983	3
246	892	3
18	289	3
640	965	3
59	291	3
125	291	3
595	1199	3
596	879	3
1194	114	3
347	1265	3
487	291	3
1156	1493	2
309	983	3
452	735	3
1386	289	3
119	612	2
1478	1478	3
805	311	3
560	578	2
1415	743	3
17	869	3
37	130	3
340	741	2
286	869	3
1469	47	3
616	559	2
494	83	3
65	291	3
55	933	3
759	466	2
509	895	3
310	229	2
491	627	3
464	289	3
166	121	3
1390	694	3
254	1191	3
6	859	3
115	120	3
51	1063	3
65	869	3
333	1029	3
759	759	2
65	723	3
17	140	2
661	44	3
613	120	3
803	806	2
820	1385	3
619	21	2
335	55	3
162	164	0
15	879	3
470	470	2
810	1029	3
1257	599	3
0	289	3
568	854	3
407	799	3
624	1481	3
528	521	3
248	41	0
475	107	0
145	1098	3
538	539	0
1242	743	3
55	274	0
429	1338	3
107	25	3
57	1440	4
284	1074	3
45	47	0
547	289	3
1392	130	3
185	1495	2
144	838	3
104	1473	3
1469	752	3
166	867	3
778	1178	3
1459	879	3
51	970	3
521	856	3
706	355	2
507	65	0
175	176	0
706	686	2
657	475	2
1318	424	3
64	974	3
630	291	3
215	1005	3
29	229	2
463	743	3
216	219	0
387	130	3
184	187	0
110	135	3
1221	635	3
104	107	0
175	291	3
674	289	3
1496	289	3
392	395	0
335	1157	3
231	1446	4
1376	903	3
492	233	2
1042	135	3
19	883	3
1135	867	3
753	578	2
595	879	3
170	1026	3
1090	879	3
750	1276	3
480	1011	3
1460	856	3
168	875	3
358	287	3
721	722	2
185	619	2
367	83	2
366	252	0
286	399	3
64	973	3
1318	254	3
104	694	3
1469	2	3
1142	971	3
332	333	0
624	83	3
497	83	3
568	114	3
58	892	3
774	2	3
157	157	0
717	859	3
724	724	1
1289	694	3
196	1481	3
780	289	3
516	547	3
1409	879	3
41	41	0
414	71	2
483	905	3
335	860	3
234	235	0
358	694	3
95	39	0
191	291	3
237	130	3
1311	119	3
717	229	2
272	229	2
107	215	2
681	887	3
309	1226	3
332	224	0
55	65	2
58	83	3
770	600	3
184	100	2
1454	1437	4
71	291	3
1497	610	2
296	476	2
76	59	0
553	855	3
429	785	2
18	120	3
335	121	3
64	114	3
425	627	3
65	2	3
115	346	3
1462	699	2
759	620	3
110	1481	3
272	140	2
107	65	2
813	735	3
429	430	0
125	294	0
213	682	2
125	295	0
559	860	3
732	2	2
21	521	3
1087	897	3
362	130	3
258	260	0
90	904	3
828	233	2
166	1026	3
13	7	0
18	879	3
534	869	3
1376	680	3
1469	694	3
242	120	0
170	1103	3
452	453	0
332	694	3
3	694	3
521	1105	3
486	58	0
84	446	3
1455	1330	3
173	20	3
302	1155	3
1498	1498	0
254	120	3
760	289	3
99	65	0
674	185	3
272	468	2
177	869	3
162	991	3
480	551	2
115	475	3
55	627	2
769	976	3
1041	904	3
310	1160	3
432	221	0
310	1499	3
415	904	3
725	468	2
777	883	3
52	942	3
397	867	3
162	903	3
332	962	3
194	291	3
21	1489	3
169	1500	0
104	869	3
237	869	3
1383	694	3
456	944	3
708	661	2
497	694	3
335	289	3
956	1455	3
1070	1026	3
1318	130	3
52	858	3
1416	351	3
193	193	0
57	578	2
708	1169	3
425	903	3
487	351	3
17	81	0
728	52	2
464	120	0
215	16	0
545	1420	3
1168	1501	4
494	971	3
180	1064	3
358	971	3
579	83	3
677	859	3
1235	1138	3
623	693	2
415	229	0
168	879	3
342	345	0
619	744	2
327	892	3
579	694	3
71	185	3
1469	936	3
354	124	0
173	713	3
194	155	3
355	475	3
605	291	3
1402	965	3
1242	654	3
432	1292	3
90	289	3
847	1005	3
335	130	3
807	1362	3
903	286	3
1426	892	3
421	120	0
173	1106	3
1042	869	3
213	1473	2
1304	1026	3
677	291	3
530	991	3
797	694	3
230	735	3
750	973	3
276	289	3
124	125	0
1041	83	3
1496	1115	3
57	491	3
281	567	3
853	708	2
415	283	2
175	71	0
237	238	0
1100	867	3
358	817	3
170	654	3
870	873	3
624	1042	3
271	2	0
774	694	3
41	15	0
624	110	3
479	1005	3
55	903	3
681	884	3
307	661	2
1142	1144	3
534	289	3
110	229	3
125	296	0
956	83	3
956	110	3
1233	694	3
296	1243	3
497	627	3
436	471	0
228	869	3
335	903	3
532	514	0
509	896	3
719	694	3
246	351	3
125	468	2
491	452	3
296	120	3
806	116	2
498	254	3
1299	1059	3
83	904	3
844	845	2
485	144	2
362	935	3
1383	1383	0
1272	879	3
497	496	2
69	41	0
170	901	3
783	1076	3
125	869	3
1156	869	3
707	654	3
0	2	0
750	759	2
1326	289	3
479	1085	3
90	879	3
596	868	3
686	680	3
6	694	3
124	1473	0
362	581	3
362	1288	3
563	291	3
27	905	3
362	358	3
624	1461	3
444	445	0
237	867	3
229	977	3
629	1037	3
1343	901	3
297	130	3
355	488	0
173	723	3
681	660	3
104	287	3
497	452	3
418	879	3
840	896	3
620	859	3
76	191	2
1289	867	3
770	1138	3
820	896	3
270	1027	3
112	135	3
121	940	3
170	289	3
1184	1185	3
803	224	2
783	836	3
630	527	2
355	291	3
30	29	3
613	291	3
810	338	2
509	463	0
142	101	0
214	1149	3
602	954	3
216	217	0
319	836	3
560	289	3
521	1400	3
86	879	3
1390	130	3
569	869	3
284	1206	3
1502	1502	0
563	468	2
214	53	0
1059	1503	0
1059	12	0
1059	1504	0
1059	86	3
1059	289	3
1059	879	3
1505	0	3
1506	271	0
1506	120	0
1506	1507	0
1506	933	3
1506	865	3
1506	694	3
1506	289	3
1506	867	3
1506	1240	3
1506	291	3
281	1508	0
281	50	2
281	1508	2
281	65	2
281	336	2
281	20	2
281	1509	2
281	233	2
281	567	3
790	475	3
790	289	3
790	1387	3
790	1510	3
790	185	3
790	117	3
790	563	3
790	417	3
1251	1508	0
1251	1511	0
1251	229	0
1251	366	0
1251	468	0
1251	1508	2
1251	468	2
1512	16	0
1512	1132	0
1106	1513	0
1106	130	0
1106	695	0
1106	291	0
1106	351	3
1106	1365	3
1106	892	3
1106	1514	3
1106	685	3
1106	971	3
1219	369	0
1219	50	0
1219	16	0
1219	679	0
1219	575	0
1219	90	0
1219	493	0
1219	1335	0
1219	1515	0
1219	0	0
1219	302	0
1219	512	0
1219	2	3
378	380	0
378	45	0
378	468	0
378	47	0
378	526	0
378	379	0