1	8828	5
2	8844	5
2	8848	5
4	8879	5
5	8824	2
5	8891	4
7	8910	3
7	8912	5
7	8919	4
9	8844	5
9	8845	5
16	8990	5
16	8992	5
16	8995	5
16	8997	5
17	9002	4
19	9012	0
19	9017	5
19	9024	5
19	9026	5
19	9027	5
19	8882	4
20	9045	5
20	9048	5
20	9049	5
20	9050	5
20	8994	5
21	9064	5
23	9043	5
23	9045	5
31	8849	5
31	8848	5
37	8848	5
39	9255	5
39	8813	4
40	9262	5
41	9277	5
41	9278	5
46	716	0
50	8845	5
53	8846	5
54	8953	4
56	9043	5
68	8897	5
68	8898	5
69	9044	5
69	8994	5
70	9477	0
70	9479	0
71	9489	5
71	8814	4
71	9491	4
73	9055	5
75	8889	0
76	9511	5
76	9518	5
77	8879	5
80	9550	5
80	9554	5
81	9174	0
83	6977	1
83	8981	4
88	9035	4
89	8889	0
89	8865	5
89	9627	5
89	9491	4
90	9497	5
94	3920	1
96	8901	5
97	8922	4
98	8879	5
99	9665	5
100	8840	2
100	8850	5
101	9111	5
101	8878	5
104	8926	0
104	9290	5
104	9703	5
105	8818	0
105	105	1
105	8811	2
107	9063	5
107	9050	5
107	9348	5
108	19	1
110	9756	5
110	9758	5
110	9762	5
110	9740	4
115	8806	0
115	9232	4
117	9809	5
117	9821	4
118	9836	5
119	8806	0
123	9827	0
125	8892	4
132	9918	4
134	9932	5
137	9947	0
137	9955	5
138	9976	0
138	9959	5
138	9982	4
141	9681	5
142	10007	5
142	9960	5
142	10014	5
146	10033	0
146	9386	4
152	5229	1
152	9931	5
152	9934	5
152	10089	4
152	10094	4
153	8826	3
155	10123	5
155	10133	4
158	9813	5
167	617	1
167	9235	4
172	9813	5
178	10257	5
178	9084	5
178	10259	5
180	10269	5
181	9925	0
181	10246	5
183	9111	5
183	9955	5
183	9959	5
183	10287	5
197	10328	5
198	9596	0
203	9759	5
204	9121	2
205	9901	0
206	8806	0
209	9809	5
209	9813	5
211	8889	0
216	10401	5
217	177	0
218	10417	5
220	10230	4
222	9507	0
223	9376	5
225	8849	5
226	9326	0
230	10490	4
231	4197	1
231	10496	5
231	10503	5
232	10515	5
234	10536	4
236	257	0
237	9076	0
237	8843	5
237	8844	5
237	8848	5
238	10484	5
242	9229	0
243	8842	5
246	312	0
251	8842	5
252	10622	5
252	10627	4
252	10555	4
255	9131	5
255	10655	5
256	9652	5
256	10667	5
256	10669	5
257	10672	0
257	10675	0
259	8849	5
263	8926	0
264	10533	4
267	10732	5
267	10595	4
268	10743	5
269	10748	0
270	10734	5
270	10759	4
272	10776	5
272	10385	4
275	10793	4
276	10733	5
276	10731	5
282	10845	5
282	10489	4
284	9130	5
284	9159	5
286	8845	5
286	8850	5
287	9130	5
287	10861	5
287	10457	4
288	10643	0
288	10660	5
288	10609	5
289	10560	4
291	10901	5
292	10916	5
292	10917	5
292	10919	5
292	10924	5
292	10929	5
293	10937	0
293	10923	5
293	10934	5
300	10953	5
300	9068	5
300	10957	5
302	10963	5
305	10980	5
305	10504	5
306	10989	5
306	10924	5
308	11002	5
309	9180	5
309	11016	5
309	11018	5
309	11023	5
311	9063	5
311	9066	5
312	10527	0
312	11045	5
312	11049	5
312	10899	5
312	10922	5
313	11063	5
314	10571	5
314	10572	5
315	11075	5
315	11053	5
316	8841	5
316	8849	5
317	8845	5
318	10574	5
320	11086	5
320	11087	5
320	11091	5
320	11098	5
320	11100	5
321	11107	5
323	10461	0
323	9168	5
324	11121	5
324	11124	5
324	11126	5
324	11128	5
325	11143	5
326	11122	5
326	11124	5
326	11146	5
327	10687	0
328	394	1
328	10918	5
328	10922	5
328	10931	5
330	11090	5
330	11124	5
330	11128	5
330	11129	5
330	11131	5
331	11120	5
331	11123	5
333	11163	4
334	9758	5
335	11170	4
336	10916	5
336	10927	5
339	10267	0
341	9866	0
341	10593	4
343	8969	5
350	10567	5
350	9352	4
352	11287	5
354	11292	5
354	11293	5
357	4839	1
358	9682	5
360	11000	5
360	11002	5
361	2966	0
362	9206	5
363	8846	5
365	311	1
367	10527	0
367	10908	5
371	311	1
373	9127	5
374	11380	5
375	311	0
376	10484	5
381	9486	0
384	10466	2
388	11447	5
388	11448	5
393	10754	5
393	11461	4
394	11467	0
394	11477	5
396	8820	0
397	8845	5
397	8847	5
397	8850	5
400	11495	5
400	10684	5
401	11506	4
402	11510	5
404	8847	5
405	9396	0
405	11330	4
408	10643	0
412	10769	5
412	10770	5
412	10774	5
412	10777	5
415	9378	5
416	11472	5
417	11548	5
417	11550	5
418	10442	5
418	11286	5
418	10421	5
420	10487	4
421	10049	4
428	10484	5
428	9729	5
430	9487	5
432	10568	5
432	10574	5
433	8840	2
435	11144	5
435	11148	5
436	9596	0
436	11612	5
436	11621	5
436	11628	5
439	8845	5
439	8847	5
439	8848	5
440	8842	5
440	8844	5
440	8846	5
441	8842	5
441	8843	5
441	8845	5
442	8847	5
444	10639	0
446	11275	5
450	10439	5
453	8847	5
453	8850	5
453	11677	4
454	8840	2
454	8841	5
454	8848	5
455	8841	5
461	9127	5
461	10657	5
462	10581	0
462	11707	5
462	9653	5
465	10567	5
466	11727	0
468	11059	0
470	10651	5
470	9130	5
470	10560	4
472	11711	5
477	11260	5
480	8842	5
480	8846	5
480	8847	5
482	11592	5
482	11593	5
482	10484	5
482	8916	5
485	4197	1
486	10474	5
487	10012	5
487	11261	5
488	236	0
488	9128	5
488	9130	5
488	11737	5
489	8848	5
490	8845	5
490	8848	5
491	10484	5
494	11273	5
494	11077	5
494	11261	5
495	9122	5
495	11766	5
495	11736	5
500	9652	5
500	10670	5
501	11714	5
501	11715	5
502	770	1
503	10483	5
504	8177	1
505	10676	5
505	11275	5
507	462	0
507	10466	2
507	10843	5
509	563	1
513	10657	5
514	11839	5
519	10689	0
521	2274	1
526	9186	5
527	9169	5
529	10189	2
530	9535	0
537	311	1
537	10800	5
538	11370	5
539	9488	5
540	11712	5
542	11370	5
542	9449	5
542	11935	5
543	11470	5
543	11471	5
543	11475	5
545	10521	4
546	10543	5
547	8848	5
549	10466	2
549	10605	5
550	10149	5
550	9084	5
550	10151	5
551	11968	5
553	9126	5
553	10653	5
553	9131	5
553	10655	5
556	312	0
557	310	0
561	8842	5
561	8845	5
562	8847	5
563	6506	0
563	11805	4
565	6506	0
565	10754	5
566	11478	5
568	10483	5
569	10823	5
569	10507	4
570	10203	0
571	10816	0
575	12023	0
575	10587	5
575	11093	5
575	10542	5
575	11402	5
575	12027	4
576	9124	5
581	8842	5
583	6506	0
584	8846	5
584	8847	5
584	8848	5
585	33	1
585	11000	5
586	11098	5
587	10801	5
588	4197	0
588	3785	0
588	11121	5
588	11448	5
590	10922	5
596	10285	0
596	12092	4
598	9682	5
601	12120	5
602	8926	0
604	12132	0
604	10904	5
610	12172	5
614	10743	5
614	12186	5
616	10743	5
617	617	1
617	9111	5
622	12235	5
624	12248	5
624	12253	5
625	658	0
626	12109	4
629	12235	5
629	10277	5
630	11010	5
630	11012	5
632	658	0
632	3971	1
633	9396	0
633	138	1
634	12221	0
634	12252	5
635	138	1
635	9039	5
635	11076	5
638	12336	5
639	9040	5
641	12371	5
641	12375	5
643	9040	5
643	12150	5
644	12391	0
644	11034	4
644	12384	4
645	9066	5
646	12408	5
646	12410	5
648	12290	5
648	12294	5
648	12295	5
649	12236	5
650	12379	4
654	12218	4
655	12441	5
656	10750	5
656	12377	5
657	9120	0
658	12233	5
658	9915	5
660	12236	5
661	12476	5
662	1237	1
662	12487	5
663	9203	0
664	8844	5
665	9229	0
667	9814	5
667	12446	5
669	12276	4
670	9040	5
670	9344	5
671	12228	5
671	12202	5
672	12110	4
672	10293	4
673	654	1
674	12205	4
676	9111	5
676	8957	5
679	11316	0
681	2905	0
681	9111	5
682	12228	5
685	11533	0
686	9111	5
686	12315	5
686	12255	5
687	3785	0
687	12109	4
689	12227	5
691	9125	5
691	9126	5
691	9135	5
692	12594	5
693	8847	5
694	8848	5
697	9773	0
697	12594	5
702	9740	4
703	10927	5
704	8939	4
705	12685	0
705	12686	0
707	10497	5
707	10499	5
711	8840	2
711	9169	5
713	12715	0
717	12736	5
718	12753	5
718	12758	5
718	12764	5
719	2274	0
720	11847	0
721	12781	0
722	2274	0
726	9881	0
726	12807	5
727	12672	5
728	716	1
728	11325	5
728	11327	5
729	12829	5
730	12594	5
730	12595	5
730	12597	5
730	12599	5
730	10504	5
730	12632	4
731	10124	5
731	10134	4
732	12639	5
733	10752	5
733	12855	5
733	10745	5
733	12860	4
738	10334	5
738	12675	5
738	11939	5
738	12706	4
740	10248	5
743	9005	5
744	10126	5
747	770	1
747	12808	5
748	12941	5
748	12947	5
750	12636	0
751	12639	5
751	12734	5
751	12683	5
752	12974	4
753	9808	5
753	9809	5
753	10152	5
754	8843	5
754	8849	5
754	8850	5
756	8850	5
757	4834	0
759	12983	0
768	9307	5
768	9712	5
768	10695	4
769	9230	0
770	10011	5
771	8842	5
771	8845	5
772	10988	5
772	13069	5
772	9958	5
779	10126	5
780	11501	5
781	8926	0
785	10440	5
785	13110	5
786	8894	0
787	11321	0
789	12361	5
790	8842	5
790	8845	5
790	8846	5
791	8845	5
791	8850	5
792	9213	0
792	10322	5
794	13166	5
795	13172	5
796	13174	4
800	11847	0
800	13013	5
800	11022	5
800	8943	4
802	4213	1
805	13234	5
807	12719	5
809	13273	4
812	9171	4
814	9267	5
814	10869	4
815	11046	5
815	11055	5
817	11670	4
819	10006	5
819	13352	5
823	9261	5
823	9265	5
823	9266	5
825	13411	4
826	13256	5
826	10089	4
829	13422	0
829	13423	0
829	13255	5
830	12487	5
832	13436	0
833	13447	5
834	13451	5
835	1316	1
837	13230	4
840	802	0
845	13503	5
852	13536	5
853	13541	5
853	13542	5
853	13549	5
853	13552	5
853	8934	4
854	8333	0
854	13561	5
854	13562	5
854	12519	5
856	13507	4
858	13588	5
862	13613	5
862	13615	5
863	9459	5
865	10866	0
866	13304	4
867	11936	5
869	10881	5
873	13668	4
877	13673	0
880	13572	5
881	9432	4
884	9129	5
885	10348	5
886	10082	2
887	10296	5
888	12013	4
890	13457	5
890	11873	4
891	13205	5
892	13718	5
892	13724	5
893	13738	5
894	10660	5
895	13749	5
896	9443	5
896	13759	5
897	13770	5
898	13779	4
899	13473	5
899	13799	4
902	9459	5
903	10706	5
904	13813	5
904	13814	5
906	8851	4
907	8821	0
908	10200	5
909	11826	2
910	13844	5
910	12578	5
910	13847	5
910	11714	5
910	13837	5
911	9721	5
911	9066	5
912	10879	5
913	1134	1
916	12675	5
917	11826	2
923	9396	0
923	12289	5
923	12292	5
923	9111	5
923	9171	4
924	195	0
924	11051	5
924	10421	5
925	13899	5
925	12735	5
925	13903	5
927	8821	0
932	13207	5
932	13814	5
933	9683	5
934	13947	4
936	11610	5
936	11612	5
936	11627	5
941	9990	5
942	13831	4
943	11610	5
943	11616	5
943	11629	5
944	3004	1
944	13993	5
945	11624	5
945	13036	5
945	10049	4
945	9484	4
947	310	0
949	13845	5
953	11005	0
953	13899	5
953	13900	5
953	12735	5
954	11681	0
954	12578	5
956	11826	2
958	12675	5
964	13756	5
964	10874	5
964	13759	5
964	13760	5
964	13761	5
966	13936	4
966	13851	4
970	10884	5
970	8940	4
972	14077	5
972	14088	5
972	14089	4
974	9301	0
975	14107	5
983	9790	5
984	13581	5
984	13591	5
984	14138	4
984	14155	4
984	12274	4
984	9921	4
985	203	1
986	14164	5
986	14166	5
986	14167	5
986	14169	5
990	13857	4
992	13818	0
992	11018	5
992	14181	5
992	14182	5
994	14080	5
994	14192	5
995	11011	5
995	9912	5
995	11019	5
996	8989	5
996	8995	5
999	14151	5
1000	14114	5
1000	10355	5
1000	9739	5
1001	14237	5
1002	983	1
1002	13014	5
1002	13063	5
1002	14251	5
1002	14255	5
1003	10638	0
1004	12150	5
1004	8916	5
1005	14265	5
1007	14275	5
1008	9739	5
1009	14116	5
1010	14238	5
1011	9220	5
1013	11444	4
1014	14116	5
1014	14117	5
1015	9990	5
1015	9920	4
1016	14304	0
1020	9076	0
1020	8831	5
1021	14314	5
1025	12582	4
1032	9834	5
1032	12536	5
1032	9813	5
1032	12538	5
1039	14362	5
1039	12325	5
1041	9901	0
1042	167	0
1042	10348	5
1044	9063	5
1045	14370	5
1048	19	1
1048	14382	5
1052	52	0
1055	8935	4
1057	10665	0
1058	9111	5
1060	9124	5
1061	9940	5
1061	9036	4
1062	13747	5
1062	11188	4
1069	10155	0
1071	10328	5
1074	11685	4
1075	202	0
1075	14270	5
1075	9166	4
1078	1125	0
1079	14435	5
1079	11328	5
1080	12682	0
1080	14439	5
1082	14449	5
1084	14433	5
1085	14439	5
1090	12750	2
1091	12217	0
1092	10398	0
1093	14478	5
1093	12765	4
1095	12766	4
1096	3774	0
1096	11007	5
1096	12754	5
1096	12759	5
1096	8934	4
1097	12754	5
1097	12755	5
1097	11011	5
1097	12761	5
1098	10398	0
1098	12762	5
1098	12763	5
1098	12764	5
1098	12766	4
1099	9322	5
1102	14453	5
1104	12765	4
1105	9308	5
1105	12766	4
1106	14514	0
1110	12891	2
1110	14454	5
1111	14529	4
1112	11339	5
1114	4331	1
1114	14370	5
1116	9670	0
1116	9239	0
1116	10996	5
1116	10924	5
1116	12283	4
1126	14567	5
1128	14576	5
1131	1125	1
1132	10203	0
1133	12891	2
1134	11594	5
1134	12916	4
1138	14607	5
1142	14434	5
1142	11328	5
1142	13691	4
1143	10347	5
1144	12827	5
1144	9414	4
1149	716	0
1150	14638	5
1150	12656	5
1150	10504	5
1153	10440	5
1153	9559	5
1154	716	1
1163	14664	0
1164	10746	0
1165	310	0
1165	10730	5
1168	10729	5
1168	10730	5
1168	14679	5
1170	10727	5
1170	14678	5
1170	10729	5
1170	10730	5
1170	10735	5
1174	335	1
1174	10749	2
1175	310	0
1178	11477	5
1181	10788	0
1182	10205	0
1182	10593	4
1184	12040	5
1184	12044	5
1184	12045	5
1185	12037	5
1185	12039	5
1185	12042	5
1185	12043	5
1185	12044	5
1186	10582	0
1186	2297	1
1188	11003	5
1191	11471	5
1191	12012	4
1192	12039	5
1192	11737	5
1192	12045	5
1193	11471	5
1193	10593	4
1194	12038	5
1194	12012	4
1197	14726	0
1197	4366	1
1197	14723	4
1199	10223	5
1201	12172	5
1201	12173	5
1202	12404	4
1202	12174	4
1208	643	1
1209	11533	0
1221	11532	0
1221	14807	5
1221	11034	4
1222	11316	0
1222	14820	5
1222	8967	5
1224	14849	5
1225	12485	0
1227	12420	5
1229	10285	0
1230	12171	5
1231	12373	5
1231	12377	5
1236	12180	4
1238	14855	5
1238	13368	5
1238	14854	5
1238	14886	5
1239	12577	4
1240	14896	5
1240	14905	5
1241	14844	5
1241	14846	5
1241	14848	5
1242	9458	5
1251	10528	2
1251	10810	4
1252	10528	2
1256	10528	2
1258	14927	0
1258	14930	0
1259	14934	0
1261	14959	0
1261	14930	0
1261	11076	5
1262	14932	0
1262	14971	5
1263	14943	5
1264	10452	0
1264	10087	5
1264	11497	5
1265	14981	5
1265	11054	5
1265	11048	5
1265	14991	5
1267	3705	1
1270	9334	0
1270	11968	5
1270	11924	5
1272	15011	0
1273	15015	0
1273	15022	5
1273	15025	5
1274	11304	5
1274	15032	4
1275	14929	0
1278	10652	5
1279	15022	5
1280	14931	0
1280	11320	5
1286	11830	4
1287	14372	5
1290	11012	5
1290	14479	5
1291	14368	5
1292	15091	0
1292	14475	5
1292	11147	5
1292	14371	5
1293	8946	0
1295	14274	5
1295	14477	5
1295	14480	5
1296	15096	0
1296	13369	5
1296	14478	5
1296	12760	5
1297	15096	0
1297	14274	5
1297	14477	5
1297	11147	5
1297	12760	5
1298	13854	5
1299	14274	5
1299	14477	5
1299	14479	5
1299	14480	5
1299	14483	5
1299	14485	5
1299	14486	5
1300	14145	5
1301	15098	0
1301	14476	5
1301	13369	5
1301	14483	5
1302	14248	0
1303	11007	5
1309	9662	0
1310	15138	0
1310	15148	4
1312	11012	5
1313	12625	5
1315	9768	4
1316	13369	5
1316	11147	5
1316	15174	4
1317	14111	0
1317	9790	5
1319	15187	0
1319	14479	5
1319	14483	5
1319	14485	5
1320	14477	5
1320	14484	5
1321	15190	0
1321	14475	5
1321	14482	5
1321	12760	5
1322	11147	5
1323	14476	5
1323	14478	5
1323	11012	5
1323	14480	5
1323	12760	5
1325	14476	5
1325	14484	5
1326	14478	5
1326	14368	5
1326	14484	5
1327	14485	5
1328	14113	5
1329	15219	5
1335	14478	5
1335	14480	5
1335	14481	5
1335	13854	5
1336	13299	5
1337	12617	5
1338	14215	4
1339	15241	5
1339	15242	5
1340	14476	5
1340	13369	5
1340	14478	5
1340	11012	5
1340	14483	5
1340	14484	5
1341	14475	5
1341	11147	5
1341	14486	5
1343	13762	5
1345	9063	5
1347	15059	0
1347	14170	5
1348	11012	5
1348	14250	5
1348	12758	5
1348	11018	5
1349	4127	1
1350	932	1
1354	14260	5
1355	14476	5
1355	14478	5
1356	9721	5
1356	13853	5
1356	8916	5
1358	14476	5
1358	14481	5
1358	13854	5
1358	14485	5
1358	11017	5
1359	1045	1
1359	60	1
1359	13369	5
1359	14482	5
1359	12760	5
1359	14484	5
1360	15288	0
1360	15242	5
1362	15296	5
1362	14107	5
1362	15297	5
1363	9195	4
1364	12753	5
1364	12758	5
1367	14412	4
1369	15219	5
1371	15263	0
1371	15321	0
1371	14476	5
1371	14478	5
1371	11012	5
1371	11147	5
1372	9788	0
1373	3299	0
1377	15302	0
1378	5242	0
1378	15264	0
1378	13014	5
1382	983	1
1383	9230	0
1383	11011	5
1384	15349	5
1384	14182	5
1388	12750	2
1389	12750	2
1392	10989	5
1392	14255	5
1394	14575	5
1394	15373	5
1394	14251	5
1394	14184	5
1395	15284	4
1397	15360	0
1398	13855	5
1399	12172	5
1401	10992	5
1401	14113	5
1403	15221	0
1403	3375	1
1403	14478	5
1403	14482	5
1403	14483	5
1404	11830	4
1405	13642	5
1406	15210	0
1406	14476	5
1406	14477	5
1406	14478	5
1407	10102	5
1408	14482	5
1409	13762	5
1409	13299	5
1410	9664	5
1410	9666	4
1411	8916	5
1413	14481	5
1413	11147	5
1413	14371	5
1413	13854	5
1414	11023	5
1416	11981	5
1416	15429	5
1417	15432	0
1418	9669	4
1419	12971	0
1422	9345	5
1422	8970	5
1423	15452	5
1423	15454	5
1424	8838	0
1424	14477	5
1424	14479	5
1424	11147	5
1427	14477	5
1427	14480	5
1427	14481	5
1427	11017	5
1428	15288	0
1428	11292	5
1431	14477	5
1431	13369	5
1431	14478	5
1431	12760	5
1432	14475	5
1432	13369	5
1432	14480	5
1432	12760	5
1433	14486	5
1433	14477	5
1433	14479	5
1433	14483	5
1433	11017	5
1434	13131	0
1434	11012	5
1435	8935	4
1436	11558	0
1438	13299	5
1438	13642	5
1439	13299	5
1439	15237	5
1440	14475	5
1440	14477	5
1440	14483	5
1440	13854	5
1441	13369	5
1441	14479	5
1441	14481	5
1442	14146	5
1444	13378	5
1447	15470	0
1447	15397	0
1451	13373	5
1455	13762	5
1455	13371	5
1455	13372	5
1455	13767	5
1455	11556	4
1457	15484	0
1457	14486	5
1457	11012	5
1457	14371	5
1457	12760	5
1459	8946	0
1461	14198	5
1461	9180	5
1471	14476	5
1471	14484	5
1478	9282	0
1478	14275	5
1483	11147	5
1487	14162	5
1490	9953	5
1490	14113	5
1491	14147	5
1491	14412	4
1492	15238	5
1494	9914	5
1495	14274	5
1495	14480	5
1495	14481	5
1495	15430	4
1496	13369	5
1497	13015	5
1498	15607	0
1499	9790	5
1501	9790	5
1502	11147	5
1503	14475	5
1504	14478	5
1504	14480	5
1504	14481	5
1504	13854	5
1504	14485	5
1504	13856	4
1505	12750	2
1505	8931	3
1505	12752	5
1507	9791	5
1510	14477	5
1510	14483	5
1511	3375	1
1512	3375	1
1512	15374	5
1512	13063	5
1512	14251	5
1514	12758	5
1515	11013	5
1516	10149	5
1516	14640	5
1516	12656	5
1517	14367	5
1518	15638	5
1518	9732	5
1520	13009	0
1520	12854	5
1520	10745	5
1520	12859	4
1521	9338	0
1521	15655	5
1521	9374	5
1521	9188	5
1521	15662	5
1523	15087	0
1523	14367	5
1524	13747	5
1525	15673	5
1525	15676	5
1525	15680	5
1526	15686	0
1527	10619	0
1530	13032	5
1534	14170	5
1535	14275	5
1537	8915	5
1538	8841	5
1538	8847	5
1538	8850	5
1540	15736	5
1541	10504	5
1544	15374	5
1546	12505	2
1546	15646	4
1547	15674	5
1548	15676	5
1548	15677	5
1548	11729	5
1548	9380	4
1548	10130	4
1549	15674	5
1549	14345	5
1549	15680	5
1549	15682	5
1551	11857	5
1551	15681	5
1552	15752	0
1552	2228	1
1552	15677	5
1552	14345	5
1553	15771	0
1554	15674	5
1555	9380	4
1557	15773	5
1558	15772	5
1560	8967	5
1562	8054	0
1565	9084	5
1566	8941	4
1566	12730	4
1567	14525	0
1568	9222	4
1569	2210	1
1570	12084	4
1571	9808	5
1571	9812	5
1572	15716	5
1572	13017	5
1573	12750	2
1573	12518	5
1574	11076	5
1574	13442	5
1575	13442	5
1576	9514	5
1576	13550	5
1578	9308	5
1578	13444	4
1579	12706	4
1586	12107	4
1587	12706	4
1590	11328	5
1591	15850	5
1591	15852	5
1593	13473	5
1597	13568	0
1597	13716	4
1597	9768	4
1599	10348	5
1601	15168	5
1602	14215	4
1604	10348	5
1607	13788	5
1607	14750	5
1612	1627	0
1612	13471	5
1613	15852	5
1613	13473	5
1614	12798	0
1615	13573	5
1616	3299	0
1617	15893	0
1617	10883	5
1619	12262	0
1620	11735	5
1622	9254	5
1628	14271	5
1630	10863	0
1632	11668	5
1632	13789	5
1634	11321	0
1634	10349	5
1634	15852	5
1635	13419	5
1637	15837	5
1638	15834	0
1638	10348	5
1639	10966	5
1646	8710	1
1657	9158	5
1662	10347	5
1664	14481	5
1671	12518	5
1671	15991	4
1671	15993	4
1675	16003	0
1675	14435	5
1675	10348	5
1677	16007	0
1677	16017	5
1679	11316	0
1680	14897	5
1685	16044	5
1687	9307	5
1687	16048	5
1689	12643	5
1690	1712	0
1691	9120	0
1691	12107	4
1694	16103	5
1697	14894	5
1697	14904	5
1698	16087	5
1699	16126	5
1699	16128	5
1699	16129	5
1701	12107	4
1702	16135	5
1702	16090	5
1702	12403	5
1703	16125	5
1705	12565	0
1706	16158	5
1710	12926	0
1710	16183	5
1710	9000	5
1713	16133	5
1715	14896	5
1715	14903	5
1715	14904	5
1715	14907	5
1717	5694	0
1718	12567	0
1718	14907	5
1719	2593	1
1719	16196	5
1720	14849	5
1720	13027	5
1720	14884	5
1721	13210	5
1722	16230	5
1722	14853	5
1723	16028	0
1723	16238	5
1723	16240	5
1724	16247	5
1724	16180	5
1725	12103	5
1726	13746	0
1726	16060	5
1726	16256	5
1726	13985	5
1726	16108	5
1726	12714	5
1727	10630	0
1728	16060	5
1728	16064	5
1731	15451	5
1731	15454	5
1732	16272	5
1734	16283	5
1736	16294	5
1736	16301	5
1738	7731	1
1740	16284	5
1742	15457	4
1743	9076	0
1744	13206	5
1744	16294	5
1745	15454	5
1749	10945	5
1753	16374	5
1757	11757	5
1757	16396	5
1758	10239	5
1766	16421	5
1766	16422	5
1767	4105	1
1767	8900	5
1768	8840	2
1768	8848	5
1769	10961	5
1769	10910	5
1770	7731	1
1772	10605	5
1773	13641	5
1774	11330	4
1777	8927	0
1777	16465	5
1777	16470	5
1778	16476	5
1780	13589	5
1780	10611	4
1782	10500	5
1785	16418	4
1788	312	1
1789	4831	1
1789	10769	5
1789	10771	5
1789	16504	5
1790	14914	0
1790	10963	5
1792	10895	5
1794	12758	5
1796	2281	1
1798	9495	5
1798	9374	5
1802	10496	5
1802	10505	5
1804	16541	5
1806	16552	0
1806	16558	0
1806	16543	5
1813	16465	5
1814	1806	1
1815	16601	4
1816	16540	5
1818	1870	1
1820	8849	5
1822	16633	0
1822	16594	5
1824	2502	0
1824	13127	4
1826	15428	5
1827	15427	5
1828	16469	5
1829	16657	5
1829	16658	5
1830	10030	2
1830	12985	5
1831	16467	5
1831	16470	5
1832	16671	0
1832	16678	5
1833	7621	1
1834	2502	0
1834	11331	4
1836	13686	0
1836	10996	5
1839	16700	5
1839	14134	5
1839	16707	5
1839	16709	5
1840	16711	0
1840	16703	5
1842	16594	5
1842	16465	5
1842	16566	5
1845	16722	5
1845	10063	5
1848	12616	5
1850	16541	5
1850	16542	5
1850	12985	5
1851	10348	5
1852	16465	5
1854	16594	5
1855	8054	0
1856	16596	5
1856	14137	4
1857	16468	5
1859	16465	5
1859	16732	5
1863	16754	0
1867	16593	5
1868	16732	5
1868	16741	5
1869	14116	5
1869	16693	5
1870	16623	0
1871	13123	5
1872	16677	5
1872	16584	4
1874	9768	4
1874	11330	4
1880	16788	5
1880	16595	5
1882	10030	2
1883	9814	5
1886	9814	5
1887	12991	0
1887	9814	5
1888	10030	2
1888	13123	5
1891	11321	0
1892	11321	0
1896	1829	1
1896	10030	2
1896	9814	5
1898	9735	0
1899	16594	5
1899	16466	5
1899	16814	5
1903	16601	4
1904	16544	5
1904	14384	5
1910	16548	5
1910	16547	5
1912	16672	5
1912	16679	5
1917	16835	5
1918	15779	4
1921	12991	0
1924	10112	5
1925	14987	5
1926	16865	5
1926	16870	5
1937	15643	4
1938	8765	1
1938	10354	2
1938	10356	4
1943	12926	0
1947	10354	2
1947	9044	5
1950	9681	5
1950	8833	4
1956	16903	0
1956	14114	5
1956	9622	5
1956	14282	5
1959	16955	5
1960	16518	5
1961	8987	5
1963	10354	2
1965	8913	5
1966	11486	0
1967	13421	0
1967	13423	0
1972	10354	2
1973	9043	5
1973	9048	5
1973	9049	5
1976	14340	0
1976	14116	5
1976	14087	5
1976	14083	5
1976	14193	5
1977	9494	5
1977	9050	5
1981	8808	0
1981	10987	5
1981	9374	5
1982	13718	5
1982	12444	5
1984	9043	5
1984	12325	5
1984	16936	5
1984	12859	4
1985	17016	4
1987	12852	5
1987	12856	5
1988	16964	5
1989	14988	5
1991	8912	5
1992	8915	5
1993	10354	2
1994	16972	0
1997	14079	5
1997	14085	5
1997	14087	5
2000	8913	5
2002	7814	1
2006	16409	5
2007	13116	0
2007	12851	5
2007	12855	5
2012	8987	5
2012	8990	5
2012	8993	5
2012	8997	5
2013	9494	5
2014	15674	5
2014	12705	4
2015	17074	5
2015	17077	5
2018	8806	0
2018	9341	0
2020	15661	5
2027	12906	5
2029	8913	5
2033	12706	4
2035	16739	0
2035	9174	0
2036	17096	5
2036	15682	5
2038	17100	5
2042	15723	0
2043	12851	5
2043	12858	4
2043	12861	4
2044	12734	5
2044	12736	5
2044	12740	5
2045	13588	5
2045	13589	5
2046	13432	2
2046	13661	5
2049	13498	0
2049	13660	5
2050	17120	5
2052	17124	5
2052	8958	5
2055	15785	5
2058	13432	2
2059	17127	5
2059	8958	5
2060	13068	5
2060	14988	5
2061	15306	4
2065	15306	4
2066	13432	2
2068	13580	0
2068	16405	5
2070	15656	5
2070	15659	5
2070	9188	5
2070	15661	5
2070	11053	5
2071	9039	5
2072	15656	5
2072	10996	5
2076	9429	5
2082	4953	1
2084	8833	4
2085	10354	2
2086	8915	5
2091	9662	0
2094	12614	5
2097	8837	4
2104	13652	0
2106	12491	5
2110	15785	5
2113	2113	0
2113	15647	4
2114	16526	3
2116	9066	5
2122	17170	0
2126	11144	5
2126	11122	5
2126	11124	5
2126	9814	5
2127	9346	5
2127	14798	5
2129	11533	0
2130	8809	0
2130	11076	5
2130	14824	5
2130	9729	5
2131	17239	5
2131	17244	5
2131	17245	4
2132	11760	5
2135	13512	0
2136	14847	5
2136	14850	5
2136	14851	5
2136	14853	5
2137	14843	5
2137	14851	5
2140	8838	0
2140	11128	5
2142	8914	5
2143	9683	5
2144	9686	5
2145	1737	0
2145	15451	5
2145	15455	5
2146	17300	5
2148	8808	0
2148	10487	4
2149	17310	5
2150	17329	5
2150	17330	5
2153	11278	0
2153	15690	5
2154	12582	4
2155	9040	5
2155	9041	5
2155	9043	5
2155	9052	5
2155	8916	5
2156	9052	5
2156	9049	5
2156	8916	5
2159	203	1
2160	9511	5
2160	9515	5
2161	12926	0
2161	10603	5
2163	15735	5
2164	8857	0
2164	17359	5
2165	8861	5
2165	9019	5
2165	9027	5
2166	9682	5
2166	9307	5
2166	17368	5
2167	9133	5
2169	9278	5
2170	9401	0
2172	9039	5
2172	9040	5
2172	9042	5
2172	8867	5
2174	16567	5
2178	12491	5
2179	12294	5
2179	12255	5
2180	16420	5
2182	17397	5
2185	8809	0
2185	13043	5
2185	17406	4
2185	17408	4
2186	12759	5
2186	9912	5
2192	12251	5
2192	12253	5
2194	9610	5
2195	9429	5
2195	17255	4
2197	9174	0
2199	9854	5
2201	17436	5
2201	17439	5
2201	17440	5
2201	17444	5
2201	17445	5
2202	8899	5
2205	10429	0
2207	17460	5
2209	13587	5
2212	15300	5
2212	13734	4
2215	9954	5
2215	17487	5
2215	14573	5
2216	12873	5
2218	10333	5
2218	10422	5
2220	9123	5
2220	9023	5
2224	16559	5
2224	16593	5
2225	10545	4
2226	9042	5
2226	9043	5
2226	9048	5
2228	932	1
2228	12290	5
2229	14471	0
2230	8809	0
2231	8960	5
2231	17127	5
2234	13343	0
2234	11446	5
2234	13293	5
2235	11695	5
2236	141	1
2237	11694	5
2241	16390	5
2241	16394	5
2242	17536	4
2244	15911	5
2244	14613	4
2244	13657	4
2245	10156	4
2247	11278	0
2251	3299	0
2252	10084	5
2252	10086	5
2253	8859	0
2254	12574	2
2254	9044	5
2255	10302	0
2260	9750	2
2270	10349	5
2271	14313	5
2271	14314	5
2272	8934	4
2275	12613	5
2275	12617	5
2276	14571	5
2278	9930	5
2279	15455	5
2280	14478	5
2280	14483	5
2280	12760	5
2281	13810	0
2281	3519	0
2284	13984	5
2284	12894	5
2284	12897	5
2287	10589	5
2288	8813	4
2289	16209	0
2290	10665	0
2290	9129	5
2292	10177	0
2292	9401	0
2292	11622	5
2292	10605	5
2293	10654	5
2294	10961	5
2294	10963	5
2296	9486	0
2297	10748	0
2299	10689	0
2299	11471	5
2299	11473	5
2299	11476	5
2301	11227	5
2302	9174	0
2303	11353	5
2304	10285	0
2304	12488	5
2307	195	1
2309	13009	0
2309	17677	0
2309	9042	5
2310	310	0
2312	10629	0
2314	16694	5
2315	16857	5
2315	14281	5
2315	10603	5
2320	14903	5
2321	17224	4
2324	9343	0
2324	8915	5
2325	17240	5
2328	14859	4
2329	13225	0
2329	17240	5
2329	12945	5
2329	17244	5
2329	17251	4
2330	9304	5
2330	9305	5
2330	14987	5
2331	14319	5
2332	16084	5
2335	9130	5
2336	17720	4
2341	9562	4
2343	15986	0
2347	12626	5
2349	9345	5
2349	14904	5
2351	12873	5
2353	10883	5
2353	8850	5
2356	14894	5
2356	14896	5
2356	14898	5
2356	14902	5
2356	14903	5
2359	10694	0
2360	15851	5
2363	10858	5
2363	10652	5
2364	9127	5
2365	10770	5
2365	10777	5
2372	9128	5
2372	10859	5
2372	10657	5
2373	8835	4
2374	15810	4
2382	12008	0
2382	13146	2
2383	17805	5
2383	17809	5
2384	13581	5
2385	14478	5
2385	14479	5
2385	14480	5
2385	14483	5
2386	16255	5
2389	138	1
2389	617	1
2389	12248	5
2389	12252	5
2393	10609	5
2394	815	1
2394	10844	5
2396	12159	5
2397	2934	1
2401	4179	0
2403	8913	5
2404	2321	1
2404	14900	5
2409	10825	5
2410	10218	0
2410	10220	5
2411	12302	0
2411	6440	1
2411	932	1
2411	12254	5
2412	760	1
2413	16108	5
2414	9813	5
2414	10221	5
2415	12250	5
2415	10223	5
2416	8912	5
2416	8915	5
2417	8897	5
2417	8898	5
2419	17363	5
2419	17364	4
2421	8913	5
2422	17227	5
2424	10605	5
2424	10609	5
2425	8995	5
2426	14894	5
2426	14895	5
2426	14897	5
2426	14903	5
2429	13690	5
2429	16204	5
2429	16205	5
2432	9120	0
2433	12182	5
2433	11034	4
2435	14823	5
2435	14807	5
2440	9790	5
2441	12401	0
2441	14820	5
2441	14822	5
2441	14739	4
2442	12401	0
2443	8988	5
2443	8990	5
2445	14745	5
2446	9729	5
2446	17575	4
2447	9711	5
2452	17910	0
2455	9515	5
2455	9027	5
2456	9655	0
2456	8916	5
2456	8837	4
2458	12419	5
2461	10574	5
2462	15674	5
2463	13614	5
2464	4362	1
2466	8951	5
2466	8949	5
2466	10533	4
2466	10717	4
2471	13587	5
2471	14230	5
2472	16834	5
2474	13581	5
2477	16576	5
2479	9381	4
2481	14267	4
2483	12669	0
2483	14759	0
2483	17267	4
2483	12575	4
2484	17950	5
2484	16835	5
2489	8943	4
2490	17196	0
2490	9048	5
2491	10712	0
2491	11422	5
2494	13044	5
2494	9681	5
2494	17903	4
2495	13121	0
2501	14575	5
2501	10149	5
2501	12895	5
2501	8939	4
2506	11954	5
2507	13581	5
2507	18010	5
2507	14135	5
2507	13591	5
2509	17204	0
2509	17144	5
2510	8991	5
2510	14946	5
2511	12172	5
2513	13205	5
2513	13209	5
2513	13210	5
2513	13217	5
2514	9567	5
2514	9374	5
2514	17146	5
2516	12566	0
2517	14022	5
2520	18034	5
2521	9127	5
2521	10588	5
2530	9255	5
2530	10777	5
2531	14896	5
2531	14900	5
2534	12350	5
2534	14849	5
2534	14854	5
2536	820	0
2536	13704	5
2541	4831	0
2544	15884	5
2545	9652	5
2548	13811	5
2548	13207	5
2548	13814	5
2549	17644	5
2549	18085	5
2549	10925	5
2551	10605	5
2552	9455	5
2552	12228	5
2553	2553	0
2558	9384	0
2558	9254	5
2559	9043	5
2559	16936	5
2559	9050	5
2559	12151	5
2565	15650	5
2566	16559	5
2566	16465	5
2566	16469	5
2567	8990	5
2567	8991	5
2567	8997	5
2570	9699	5
2576	9254	5
2576	10873	5
2576	10608	5
2578	16641	5
2579	13606	5
2579	13617	5
2580	6822	0
2583	16060	5
2583	11712	5
2583	13210	5
2584	17966	0
2584	8832	5
2587	16205	5
2588	10945	5
2594	12491	5
2594	10608	5
2595	10800	5
2596	9036	4
2598	488	1
2598	10921	5
2598	17652	4
2599	11694	5
2602	16711	0
2603	13470	5
2603	15881	5
2603	13737	5
2603	13738	5
2607	8846	5
2607	8847	5
2608	9280	0
2608	10605	5
2611	13207	5
2611	8851	4
2612	15349	5
2616	11063	5
2616	17308	5
2616	11065	5
2617	12095	2
2617	12371	5
2617	12174	4
2618	8838	0
2618	18191	5
2619	12236	5
2620	12325	5
2620	9053	5
2620	18194	5
2622	14631	5
2624	10011	5
2625	12829	5
2630	11711	5
2631	9910	2
2633	13842	5
2633	13844	5
2634	9384	0
2634	10200	5
2637	10879	5
2637	9127	5
2637	9129	5
2639	9682	5
2639	9683	5
2639	8832	5
2640	13547	5
2640	13552	5
2640	13554	5
2641	10581	0
2641	10659	5
2643	716	0
2646	11935	5
2646	11936	5
2649	9595	4
2651	10656	5
2654	12854	5
2654	12856	5
2655	617	1
2655	10669	5
2656	11007	5
2657	9488	5
2658	14345	5
2664	17939	5
2664	18260	5
2664	13738	5
2666	2811	1
2666	16012	5
2667	10581	0
2667	9128	5
2667	11736	5
2667	10653	5
2667	10657	5
2667	10641	4
2668	8970	5
2669	17987	5
2669	12895	5
2670	311	1
2673	16138	5
2674	2799	1
2675	10489	4
2676	13026	5
2676	13040	5
2679	10485	5
2680	14641	5
2681	12891	2
2682	9039	5
2682	9055	5
2683	18292	5
2683	10489	4
2685	8861	5
2688	12145	5
2689	18301	5
2690	14225	5
2690	9739	5
2693	9039	5
2693	9041	5
2693	9042	5
2694	10456	5
2695	14343	5
2698	312	0
2698	11070	5
2698	11075	5
2699	9987	0
2704	14334	5
2705	13256	5
2708	16857	5
2709	17140	0
2709	15647	4
2711	9280	0
2711	14346	5
2711	15680	5
2713	11559	0
2714	17142	0
2714	17809	5
2715	11470	5
2715	11077	5
2715	14704	4
2716	16062	5
2717	11038	5
2717	9990	5
2719	9044	5
2719	9055	5
2720	8842	5
2721	10239	5
2724	17437	5
2725	9750	2
2725	10260	5
2726	13432	2
2726	15647	4
2727	9750	2
2729	10466	2
2730	12895	5
2730	12920	5
2730	17991	5
2733	9813	5
2733	10013	5
2735	12919	5
2739	12449	0
2739	12371	5
2740	18390	0
2742	9321	2
2745	10660	5
2746	17175	0
2746	15647	4
2748	12827	5
2749	13372	5
2749	13770	5
2749	15587	4
2751	14365	5
2753	13659	5
2755	15127	0
2756	10110	5
2756	11124	5
2758	18410	5
2758	18411	5
2758	15677	5
2758	13292	5
2760	17269	5
2760	18421	5
2762	17329	5
2763	9230	0
2764	16104	5
2764	16138	5
2766	10200	5
2768	10288	5
2769	18428	0
2770	13814	5
2771	9958	5
2772	15373	5
2772	15376	5
2772	14484	5
2772	18435	4
2773	10966	5
2774	11189	0
2775	15243	5
2775	15244	5
2777	2495	0
2777	16567	5
2777	8942	4
2779	9039	5
2779	9045	5
2780	12779	5
2781	17724	4
2782	9681	5
2786	9737	5
2788	9127	5
2788	13788	5
2788	9129	5
2790	462	1
2790	9758	5
2792	12564	0
2793	8987	5
2793	8989	5
2793	15735	5
2794	14643	5
2796	10440	5
2796	11857	5
2796	11860	5
2798	11147	5
2798	14485	5
2798	18467	4
2800	5694	0
2800	14608	5
2801	9045	5
2801	9048	5
2801	9049	5
2803	18478	5
2804	14001	4
2805	16391	5
2805	16392	5
2805	16393	5
2805	10736	5
2806	12171	5
2810	9081	5
2810	9082	5
2811	18494	0
2811	2666	1
2811	17256	4
2813	14121	5
2813	9622	5
2813	9513	5
2813	9047	5
2813	9027	5
2814	17298	5
2814	17300	5
2815	932	1
2815	9691	2
2818	14633	5
2820	14333	5
2821	11078	5
2821	8835	4
2823	1569	1
2825	13584	5
2827	9809	5
2828	11275	5
2829	12180	4
2831	10354	2
2831	16942	4
2833	9914	5
2834	11326	5
2834	16362	5
2836	12409	5
2836	13870	4
2837	311	1
2839	15785	5
2839	15647	4
2840	12370	0
2840	1700	1
2841	8990	5
2841	8995	5
2842	13585	5
2843	18556	5
2844	10769	5
2844	10771	5
2844	10775	5
2844	10777	5
2845	11908	5
2845	10800	5
2849	8838	0
2850	12919	5
2852	10086	5
2852	13258	5
2852	13262	4
2853	11886	0
2854	11890	5
2855	8815	4
2858	14458	5
2858	10660	5
2860	15186	0
2861	9063	5
2861	8970	5
2861	9068	5
2862	10384	4
2864	10629	0
2864	9347	5
2864	9050	5
2864	9049	5
2864	8935	4
2865	18345	5
2866	14168	5
2866	14169	5
2866	14171	5
2867	10267	0
2869	18594	0
2869	8992	5
2870	18598	5
2872	9759	5
2872	9761	5
2873	18603	5
2873	18608	5
2873	18610	5
2876	17750	5
2877	11686	0
2881	13660	5
2881	17129	5
2882	11908	5
2882	9053	5
2884	10629	0
2889	17119	5
2890	3408	1
2891	10336	5
2897	14551	5
2897	9352	4
2901	15930	0
2902	15144	5
2907	13020	5
2908	10038	5
2909	11728	5
2916	14229	5
2917	12760	5
2917	14486	5
2920	373	1
2921	13512	0
2922	11330	4
2927	17225	0
2931	9040	5
2938	8915	5
2939	10660	5
2939	14999	4
2940	16013	5
2940	17722	4
2941	8828	5
2944	14314	5
2947	9235	4
2947	9590	4
2954	9511	5
2955	8913	5
2956	9254	5
2957	14781	4
2958	203	1
2958	10355	5
2959	1922	0
2962	10606	5
2962	10609	5
2963	8970	5
2964	18722	3
2964	13759	5
2965	8905	0
2966	11912	5
2968	4282	0
2968	17804	5
2968	17810	5
2968	17816	5
2968	13870	4
2969	13584	5
2969	10611	4
2970	18728	5
2973	8808	0
2975	9885	0
2977	14229	5
2977	13584	5
2977	13587	5
2977	18014	5
2979	17100	5
2980	11328	5
2983	10961	5
2983	10962	5
2984	16835	5
2986	11073	5
2986	11074	5
2986	11053	5
2987	10743	5
2989	14243	4
2990	9396	0
2991	16361	5
2993	11007	5
2993	12754	5
2993	12800	5
2994	1316	1
2996	15339	0
2996	17130	5
2998	9045	5
2999	9334	0
2999	18462	0
2999	9410	4
3000	9606	0
3000	16209	0
3000	17001	5
3001	11261	5
3002	10603	5
3002	17391	5
3003	15677	5
3006	10973	5
3006	10975	5
3006	10981	5
3008	15240	5
3008	15242	5
3009	12897	5
3011	13227	5
3011	10350	5
3012	11280	5
3012	10743	5
3012	8915	5
3013	11069	5
3013	11078	5
3015	9044	5
3015	9046	5
3015	8916	5
3018	8811	2
3018	8870	5
3019	9128	5
3020	16020	5
3023	9545	5
3023	9548	5
3024	12538	5
3024	9768	4
3025	932	1
3025	9742	4
3028	10126	5
3029	10712	0
3029	9231	0
3040	9052	5
3045	13020	5
3047	10859	5
3047	10660	5
3048	177	0
3048	9931	5
3049	13589	5
3049	9617	4
3050	10099	0
3052	14117	5
3052	14118	5
3053	13068	5
3053	15658	5
3057	9449	5
3057	16019	5
3057	14859	4
3057	17724	4
3058	18421	5
3058	18416	5
3060	12109	4
3061	15241	5
3062	10348	5
3063	9789	5
3064	8912	5
3065	14309	5
3066	12331	4
3068	11947	5
3069	9742	4
3070	14946	5
3073	9834	5
3074	23	1
3074	12159	5
3075	8838	0
3075	8863	5
3077	13299	5
3077	15237	5
3077	14256	4
3080	14897	5
3080	14902	5
3081	8710	1
3081	13762	5
3083	12736	5
3084	13251	5
3087	16561	5
3087	16569	5
3087	16738	4
3089	1936	0
3091	17435	0
3091	17437	5
3091	17438	5
3091	18853	5
3094	10495	5
3094	10503	5
3095	10486	5
3098	8956	3
3098	14332	5
3100	10602	2
3102	16816	0
3103	9659	5
3106	14239	5
3107	12135	5
3110	10417	5
3113	17676	0
3114	10186	4
3116	18010	5
3117	12571	0
3117	14890	0
3118	17303	5
3119	14309	5
3122	14310	5
3126	14332	5
3126	9739	5
3128	15246	5
3129	16500	5
3132	10265	0
3132	9886	4
3133	3997	1
3136	10343	5
3141	9054	5
3142	13581	5
3142	13583	5
3142	18011	5
3142	13591	5
3143	9790	5
3150	18602	5
3150	18611	5
3151	8827	5
3153	12625	5
3154	12145	5
3154	12854	5
3154	12856	5
3156	17124	5
3156	17126	5
3158	9396	0
3158	8848	5
3159	10602	2
3159	13581	5
3160	11107	5
3161	8832	5
3162	17392	5
3164	10955	5
3166	10609	5
3169	9036	4
3170	8710	1
3170	14478	5
3170	12760	5
3170	14481	5
3171	17130	5
3172	14333	5
3173	8970	5
3174	9040	5
3174	9309	5
3175	13846	5
3179	10651	5
3179	10652	5
3180	8814	4
3182	12488	5
3183	12719	5
3184	12040	5
3188	17604	0
3191	10277	5
3191	12255	5
3192	12326	5
3192	12329	5
3194	11511	5
3196	8914	5
3198	16390	5
3198	18485	5
3198	16392	5
3201	9051	5
3201	8994	5
3201	9055	5
3202	10622	5
3203	9085	5
3204	12624	5
3205	16388	5
3205	16393	5
3205	16396	5
3206	9681	5
3206	8832	5
3207	8958	5
3208	12624	5
3208	12625	5
3209	12656	5
3210	84	1
3210	15453	5
3213	14105	5
3213	12760	5
3213	12764	5
3214	4282	1
3214	14475	5
3214	14482	5
3214	14484	5
3215	11668	5
3216	8851	4
3217	10529	5
3220	9045	5
3220	15643	4
3221	10609	5
3222	10284	0
3223	8823	0
3228	14113	5
3229	9351	5
3233	9550	5
3237	18722	3
3238	12719	5
3246	13870	4
3247	8811	2
3247	8913	5
3248	12602	5
3252	2276	0
3252	10973	5
3254	10916	5
3254	10929	5
3255	10496	5
3255	10498	5
3256	8838	0
3256	12325	5
3256	12151	5
3259	9040	5
3259	9044	5
3259	9047	5
3260	10099	0
3260	10152	5
3261	11693	5
3261	13149	5
3263	6743	1
3263	13148	5
3264	10962	5
3267	4197	1
3267	10861	5
3268	11069	5
3268	14987	5
3269	16395	5
3269	10336	5
3270	9610	5
3271	13984	5
3271	13985	5
3272	17913	5
3272	11693	5
3273	17750	5
3274	10960	5
3275	9074	0
3275	9802	4
3278	15241	5
3278	15242	5
3280	16020	5
3280	14859	4
3281	12491	5
3283	12361	5
3283	12986	4
3284	9758	5
3284	11170	4
3286	10627	4
3289	1331	0
3291	10189	2
3294	2274	0
3295	10354	2
3296	14453	5
3298	10355	5
3300	10461	0
3301	9449	5
3301	11938	5
3302	16043	5
3303	16400	5
3303	13148	5
3304	17100	5
3305	10707	5
3306	16201	5
3308	10602	2
3308	17460	5
3308	13659	5
3309	10938	3
3311	13591	5
3312	15101	4
3313	10336	5
3313	10337	5
3313	19157	5
3315	10336	5
3319	17291	0
3319	16268	0
3319	15457	4
3321	8915	5
3323	16857	5
3323	17392	5
3325	16390	5
3325	18485	5
3325	16395	5
3327	716	0
3327	17330	5
3328	9184	5
3330	19176	5
3331	17913	5
3332	13542	5
3332	13550	5
3332	13552	5
3333	14482	5
3333	14274	5
3333	14481	5
3333	14485	5
3334	17912	5
3334	17913	5
3334	10239	5
3334	13148	5
3335	13264	4
3336	14982	5
3336	11069	5
3336	10996	5
3336	14989	5
3343	9039	5
3343	9042	5
3343	9043	5
3344	16390	5
3346	11125	5
3346	11128	5
3347	11326	5
3347	16363	5
3349	11693	5
3350	9809	5
3350	9813	5
3350	9816	5
3352	17329	5
3355	15661	5
3356	10938	3
3356	18653	5
3357	10834	4
3358	9729	5
3359	14274	5
3359	15076	5
3359	14481	5
3363	9050	5
3363	9066	5
3363	10802	5
3363	18188	4
3364	781	0
3364	9239	0
3368	9854	5
3371	11281	5
3371	9729	5
3374	10238	5
3374	11891	5
3375	14254	5
3377	12088	0
3378	19222	0
3378	19223	0
3378	12341	5
3382	17329	5
3385	17723	4
3388	12873	5
3390	16692	5
3390	16695	5
3390	14984	5
3391	9507	0
3392	14844	5
3392	14881	5
3392	16229	5
3392	14851	5
3392	14853	5
3396	15437	4
3397	9816	5
3398	12602	5
3400	11339	5
3406	13021	0
3408	16388	5
3408	16390	5
3408	13148	5
3411	12088	0
3411	9336	0
3412	16396	5
3412	10736	5
3413	16012	5
3413	16016	5
3417	17873	5
3417	13213	5
3420	13659	5
3422	9940	5
3423	16043	5
3425	15856	5
3427	9039	5
3427	9045	5
3427	8916	5
3428	9254	5
3432	13208	5
3432	17705	5
3433	14609	5
3433	9845	4
3435	17526	4
3436	11695	5
3437	1700	1
3444	16548	5
3444	16814	5
3444	16815	5
3445	12250	5
3445	12232	5
3445	12255	5
3446	4362	1
3446	1222	1
3446	2377	1
3446	9039	5
3446	9040	5
3446	12151	5
3447	9707	5
3447	9025	5
3448	9800	0
3450	9275	5
3450	9276	5
3450	9279	5
3452	16567	5
3453	9343	0
3453	9069	5
3456	9484	4
3457	8896	0
3457	8903	4
3458	9080	5
3458	9081	5
3458	8892	4
3460	12751	5
3460	11007	5
3460	12754	5
3460	11011	5
3460	12758	5
3460	12766	4
3461	1134	0
3461	8994	5
3462	8916	5
3462	8915	5
3463	9665	5
3463	9484	4
3464	17227	5
3465	16389	5
3465	17913	5
3465	16400	5
3467	9466	4
3468	14729	0
3473	19346	5
3473	19347	5
3473	10900	5
3473	10920	5
3473	19350	5
3473	10926	5
3474	19355	5
3476	19354	5
3477	13017	5
3483	16178	2
3483	17368	5
3483	17628	5
3483	17629	4
3484	12718	5
3485	10964	5
3486	15735	5
3489	16178	2
3489	15735	5
3490	10515	5
3490	10834	4
3492	8845	5
3492	8848	5
3493	9102	4
3494	9910	2
3495	8843	5
3495	8846	5
3499	9127	5
3500	13754	5
3500	8851	4
3504	10749	2
3506	11474	5
3509	9466	4
3511	9280	0
3511	10602	2
3515	19386	0
3516	14312	5
3516	8892	4
3517	13640	2
3519	12504	5
3520	8927	0
3524	19401	0
3525	14485	5
3526	10222	5
3527	9931	5
3527	9934	5
3530	8846	5
3531	8841	5
3531	8848	5
3533	18012	5
3536	10888	5
3537	9168	5
3537	8849	5
3537	9169	5
3540	13663	0
3541	12894	5
3546	14371	5
3546	14483	5
3546	13854	5
3547	15168	5
3548	10972	5
3548	17400	5
3548	10334	5
3549	17329	5
3549	11694	5
3550	19425	5
3550	19427	5
3552	9036	4
3554	12225	0
3554	9458	5
3555	9396	0
3556	16203	3
3556	13758	5
3559	16389	5
3559	16400	5
3559	17532	5
3561	11147	5
3562	11020	5
3564	12361	5
3564	9036	4
3565	14184	5
3571	10336	5
3575	8995	5
3575	15735	5
3578	14608	5
3578	13870	4
3579	13835	5
3581	19463	5
3583	16856	5
3583	14896	5
3584	11907	5
3585	15166	5
3585	15335	5
3586	13870	4
3587	12856	5
3589	9254	5
3595	8987	5
3595	9045	5
3595	16965	4
3599	8842	5
3600	12860	4
3602	9102	4
3603	9039	5
3605	10100	0
3605	9264	5
3607	13660	5
3609	13254	5
3610	16416	0
3611	8846	5
3614	8845	5
3616	8915	5
3618	9752	5
3618	10333	5
3618	10421	5
3619	13299	5
3619	15238	5
3620	8850	5
3623	14310	5
3629	9254	5
3629	10881	5
3631	16383	0
3631	10496	5
3631	10499	5
3632	14631	5
3636	12985	5
3636	15603	4
3637	12673	5
3637	12675	5
3637	9484	4
3645	1400	0
3645	14506	4
3646	4609	0
3646	18979	5
3646	11509	5
3648	14114	5
3652	12733	5
3652	12740	5
3654	8815	4
3655	8844	5
3658	9263	5
3658	9589	4
3659	11012	5
3659	12760	5
3659	14485	5
3659	9222	4
3660	9520	4
3663	8850	5
3663	8944	4
3666	3997	1
3668	8844	5
3671	14575	5
3671	17987	5
3671	11450	5
3671	9813	5
3673	8840	2
3673	8844	5
3674	9496	5
3680	8845	5
3680	8846	5
3682	8813	4
3684	8844	5
3684	8849	5
3685	13738	5
3685	10609	5
3688	10581	0
3692	9789	5
3693	14368	5
3693	11147	5
3693	12760	5
3695	9513	5
3695	9019	5
3698	13014	5
3698	11013	5
3699	9066	5
3699	13855	5
3700	10996	5
3702	8845	5
3702	8847	5
3704	10978	5
3704	10980	5
3707	10200	5
3710	9814	5
3710	9964	5
3714	16543	5
3715	9231	0
3719	6506	0
3719	10700	4
3722	18474	5
3724	11167	0
3731	13901	5
3733	9042	5
3735	16693	5
3736	12174	4
3737	8844	5
3739	19572	5
3740	13373	5
3740	11873	4
3749	10834	4
3752	6822	0
3752	13405	5
3753	9486	0
3755	13264	4
3756	14481	5
3757	9934	5
3757	17586	4
3759	10945	5
3760	8845	5
3760	8848	5
3761	16577	5
3763	8840	2
3763	8847	5
3763	8849	5
3765	11905	5
3766	312	1
3768	11830	4
3769	10976	5
3769	10978	5
3769	10981	5
3771	10606	5
3773	9753	5
3774	13015	5
3774	14181	5
3774	14182	5
3779	9251	0
3780	16640	5
3787	13264	4
3790	13103	4
3793	8913	5
3796	13121	0
3798	14165	5
3798	14170	5
3801	12706	4
3803	14365	5
3803	13372	5
3803	15200	5
3803	12697	5
3803	13379	5
3812	9940	5
3812	10335	5
3812	19157	5
3813	17075	5
3814	12755	5
3814	9811	5
3814	12759	5
3814	12760	5
3814	12761	5
3815	19157	5
3817	11316	0
3818	3521	1
3818	10329	5
3819	18216	5
3820	13044	5
3820	17628	5
3822	9208	5
3823	9120	0
3832	8872	4
3837	13194	5
3837	13015	5
3841	16968	0
3841	16913	5
3841	15656	5
3843	9834	5
3844	14476	5
3844	14479	5
3845	11065	5
3848	8934	4
3853	13230	4
3855	11000	5
3855	10754	5
3857	11830	4
3860	9833	5
3860	9837	5
3861	138	1
3862	19653	5
3869	9383	0
3875	12830	5
3875	12831	5
3876	14113	5
3878	14476	5
3878	14477	5
3878	14371	5
3878	14484	5
3883	14368	5
3885	12491	5
3888	8820	0
3891	9703	5
3891	14631	5
3892	10442	5
3895	12481	0
3895	1237	1
3896	8925	0
3897	9852	5
3897	9855	5
3900	9036	4
3902	17073	5
3903	17939	5
3904	12829	5
3906	9276	5
3910	12758	5
3914	11859	5
3915	9571	5
3916	9137	4
3917	19695	0
3918	9700	5
3918	9585	5
3920	9002	4
3930	11223	5
3930	8891	4
3931	8838	0
3931	9129	5
3931	12521	5
3932	718	1
3937	11831	0
3937	11810	5
3938	9039	5
3938	9041	5
3938	9044	5
3938	9049	5
3939	11091	5
3939	11098	5
3939	11100	5
3942	19307	5
3942	9036	4
3946	10354	2
3955	12706	4
3956	10629	0
3957	9044	5
3957	10779	5
3961	13854	5
3961	13857	4
3962	488	1
3962	9462	4
3964	13562	5
3964	9127	5
3964	9254	5
3965	12491	5
3965	8935	4
3969	9852	5
3969	11170	4
3971	12295	5
3971	17516	4
3972	9040	5
3972	9046	5
3972	9050	5
3972	8916	5
3974	9490	5
3976	12375	5
3976	10802	5
3978	9389	0
3983	19775	5
3984	18066	5
3985	11911	0
3988	9042	5
3988	9043	5
3990	14527	5
3991	9553	5
3991	9554	5
3992	9044	5
3993	13107	4
3994	13486	4
3997	10982	5
3999	9545	5
3999	9550	5
3999	9553	5
4000	12594	5
4001	8821	0
4005	8845	5
4007	40	1
4008	17015	5
4009	9987	0
4011	9737	5
4013	8891	4
4014	8820	0
4014	10993	5
4014	9559	5
4014	11022	5
4014	13196	5
4016	16617	0
4020	17939	5
4020	9146	5
4025	4831	0
4025	12828	5
4026	15082	5
4026	14184	5
4030	13562	5
4031	9712	5
4031	8831	5
4032	9220	5
4039	11012	5
4039	14106	5
4039	10989	5
4039	14253	5
4040	12634	4
4040	19832	4
4042	10529	5
4043	18479	5
4043	10606	5
4043	18481	5
4048	17656	5
4048	9374	5
4048	18817	5
4049	13738	5
4052	9950	5
4052	9957	5
4052	9965	5
4053	8828	5
4053	9683	5
4056	16543	5
4056	16567	5
4056	16497	5
4056	16548	5
4060	9809	5
4060	9811	5
4061	10203	0
4067	8987	5
4071	12273	5
4074	13762	5
4074	15238	5
4076	12634	4
4077	14434	5
4077	11328	5
4084	10961	5
4085	9835	5
4085	13350	5
4087	9084	5
4092	15662	5
4092	11053	5
4092	13870	4
4094	11381	5
4094	11384	5
4096	17240	5
4096	17241	5
4097	14608	5
4101	9188	5
4103	12038	5
4108	10348	5
4109	12171	5
4109	12218	4
4111	12758	5
4111	14107	5
4113	12375	5
4114	9376	5
4114	19881	5
4117	202	0
4117	8813	4
4120	14478	5
4120	14371	5
4122	12754	5
4123	16618	5
4125	17100	5
4126	14225	5
4126	14117	5
4126	14230	5
4127	12753	5
4127	12756	5
4127	12758	5
4130	14480	5
4130	14371	5
4131	9405	5
4131	14527	5
4134	12968	0
4136	12926	0
4136	13587	5
4136	13590	5
4137	15373	5
4138	16706	5
4141	12829	5
4144	14475	5
4147	4834	1
4148	15261	0
4148	15083	5
4150	16964	5
4151	16812	0
4153	17751	5
4163	14274	5
4163	14277	5
4168	14314	5
4169	12341	5
4171	9809	5
4171	10150	5
4173	19151	5
4176	10183	0
4179	12038	5
4179	12043	5
4181	13470	5
4185	12411	4
4190	10966	5
4192	12250	5
4193	8940	4
4196	11050	5
4196	11047	5
4196	11056	5
4198	9699	5
4198	11328	5
4203	18115	5
4204	11002	5
4207	16857	5
4207	17391	5
4208	13788	5
4210	14902	5
4210	14903	5
4211	11935	5
4211	10605	5
4211	10499	5
4211	11938	5
4213	19943	5
4216	2210	0
4217	9486	0
4217	8821	0
4217	19955	5
4218	8488	1
4219	16238	5
4219	16182	5
4219	16183	5
4219	16181	5
4220	9793	4
4222	10285	0
4229	16363	5
4231	19043	4
4232	14260	5
4236	9005	5
4236	8944	4
4237	13210	5
4237	16170	5
4237	12106	4
4244	9229	0
4245	9449	5
4246	19536	5
4246	13080	5
4247	10896	5
4247	10901	5
4254	10349	5
4257	13836	5
4259	11277	0
4259	15656	5
4259	16692	5
4261	13689	5
4261	10348	5
4263	10086	5
4263	13257	5
4263	13258	5
4263	15885	4
4264	16461	0
4265	11120	5
4265	11125	5
4266	15933	5
4266	10861	5
4268	16845	0
4270	15115	0
4271	17392	5
4271	9739	5
4273	9130	5
4273	14458	5
4275	9494	5
4277	9040	5
4277	9043	5
4281	11667	5
4282	10354	2
4289	10834	4
4290	14369	5
4292	4282	1
4292	1948	1
4292	14076	5
4292	14079	5
4292	14084	5
4292	14088	5
4293	9156	3
4295	10499	5
4296	14115	5
4296	14083	5
4297	9866	0
4298	9039	5
4298	8987	5
4298	16936	5
4299	17074	5
4300	13901	5
4300	13903	5
4302	8838	0
4302	10354	2
4304	10938	3
4306	8957	5
4306	12459	5
4307	10700	4
4312	14929	0
4312	14963	5
4312	14965	5
4312	14966	5
4312	14944	5
4314	14633	5
4315	12851	5
4316	12520	5
4317	12907	5
4320	14931	0
4320	11282	4
4321	18371	5
4321	13849	5
4330	10337	5
4332	12578	5
4334	16408	5
4336	16474	5
4340	12476	5
4341	17127	5
4343	11553	5
4343	11555	5
4347	10448	5
4347	10450	5
4349	12488	5
4353	11811	5
4353	11512	5
4357	10461	0
4357	8835	4
4361	11512	5
4365	8838	0
4365	10571	5
4367	14482	5
4367	14484	5
4368	17940	5
4368	9276	5
4369	18337	5
4371	15661	5
4371	11891	5
4374	112	1
4375	14854	5
4377	11321	0
4378	11446	5
4379	16017	5
4379	16018	5
4381	9831	5
4381	11447	5
4382	11939	5
4383	17705	5
4384	1894	0
4385	180	1
4385	11450	5
4387	19294	5
4389	11121	5
4391	8836	4
4392	9284	4
4394	12634	4
4396	10328	5
4398	9831	5
4398	11450	5
4399	10038	5
4401	10436	0
4401	10440	5
4401	10446	5
4401	9378	5
4402	11446	5
4402	11447	5
4403	2976	1
4404	11447	5
4404	9841	4
4407	10605	5
4408	19261	5
4409	4831	0
4410	10651	5
4410	11766	5
4410	10659	5
4412	10880	5
4412	10881	5
4416	16616	5
4416	16595	5
4418	17299	5
4418	17300	5
4419	16446	5
4421	9901	0
4421	8955	0
4421	8827	5
4423	16641	5
4425	15737	5
4426	12619	4
4429	14477	5
4429	14480	5
4429	14485	5
4430	9168	5
4431	4834	1
4431	9836	5
4431	9845	4
4432	14475	5
4432	14476	5
4432	11147	5
4432	12621	4
4434	14435	5
4438	310	0
4438	9127	5
4438	9129	5
4438	10457	4
4443	12519	5
4448	18634	5
4451	12547	4
4453	4030	1
4454	9594	4
4456	13592	5
4457	8916	5
4458	11860	5
4466	19827	4
4466	13733	4
4472	10603	5
4472	10609	5
4472	13870	4
4475	12683	5
4480	10604	5
4480	10606	5
4482	4378	0
4484	14709	0
4484	9590	4
4485	10966	5
4486	17436	5
4486	17444	5
4486	17445	5
4486	11751	4
4487	8821	0
4487	8835	4
4490	8820	0
4491	10030	2
4495	18811	0
4495	18021	5
4495	15735	5
4496	9753	5
4497	3070	0
4504	18547	0
4504	18550	5
4504	17099	5
4507	9125	5
4510	12643	5
4510	13902	5
4513	8999	5
4516	3283	1
4516	12602	5
4516	16400	5
4520	14113	5
4522	2654	0
4522	12705	4
4523	12602	5
4526	2657	0
4529	14434	5
4530	13146	2
4530	12598	5
4534	8912	5
4536	8912	5
4536	9284	4
4540	10938	3
4540	13148	5
4542	8939	4
4544	9376	5
4544	10450	5
4546	11830	4
4547	9231	0
4547	10605	5
4547	13641	5
4548	17303	5
4548	9379	5
4551	13642	5
4551	14412	4
4555	9125	5
4555	9128	5
4555	9131	5
4555	9135	5
4557	2206	1
4558	11936	5
4559	8896	0
4560	17001	5
4563	17532	5
4564	14312	5
4566	10533	4
4572	9433	4
4573	13264	4
4574	15260	0
4575	10602	2
4575	14114	5
4575	14117	5
4575	10209	5
4575	14987	5
4583	10834	4
4588	8863	5
4591	9040	5
4592	9507	0
4592	9515	5
4594	9254	5
4595	8871	4
4599	13659	5
4600	17628	5
4600	15001	4
4601	16236	5
4601	10752	5
4602	13582	5
4602	13588	5
4602	13589	5
4606	9050	5
4607	11285	5
4608	11379	5
4608	10484	5
4608	11382	5
4609	15052	5
4611	9082	5
4612	9044	5
4612	11070	5
4614	12891	2
4615	9699	5
4617	2654	0
4618	10834	4
4619	11053	5
4620	13587	5
4626	2274	0
4626	9002	4
4627	16739	0
4630	10189	2
4633	12702	0
4635	13747	5
4635	14373	5
4637	16498	4
4638	13369	5
4638	14486	5
4643	10882	5
4645	9275	5
4645	9277	5
4646	11221	5
4647	11622	5
4647	11616	5
4650	9403	2
4651	17300	5
4651	15657	5
4651	9743	4
4652	17586	4
4655	19474	0
4656	20306	5
4656	12674	5
4656	8941	4
4658	12233	5
4658	10277	5
4658	8939	4
4662	16311	0
4668	11778	5
4669	8990	5
4669	14946	5
4670	9346	5
4671	15819	5
4671	13550	5
4671	13439	5
4672	10495	5
4677	15098	0
4677	14477	5
4677	14478	5
4677	11012	5
4677	12760	5
4677	14485	5
4680	9122	5
4684	17001	5
4684	13870	4
4686	9334	0
4692	10882	5
4693	16130	5
4694	12596	5
4694	12602	5
4695	10505	5
4695	11937	5
4697	15453	5
4701	10882	5
4702	8861	5
4702	14123	5
4703	177	0
4703	4584	1
4704	12737	5
4705	12089	2
4705	12248	5
4705	12232	5
4705	12251	5
4707	14060	5
4710	9449	5
4714	14312	5
4714	13738	5
4717	16469	5
4717	16466	5
4718	11918	5
4720	14384	5
4720	12985	5
4725	10343	5
4726	15479	5
4726	8934	4
4727	15085	5
4728	16988	5
4728	16879	5
4730	10484	5
4731	10342	5
4733	14476	5
4733	14477	5
4733	13369	5
4733	14481	5
4733	14482	5
4733	14484	5
4734	16469	5
4734	16814	5
4737	16562	5
4737	16568	5
4738	10246	5
4738	9016	5
4738	10073	5
4738	9235	4
4740	10638	0
4740	14485	5
4744	16548	5
4745	11730	4
4746	9128	5
4750	10945	5
4751	15085	5
4751	8891	4
4753	16282	5
4754	10500	5
4755	14289	5
4757	6822	0
4758	5976	1
4760	14438	5
4761	9811	5
4769	9808	5
4769	10148	5
4769	9811	5
4769	10150	5
4771	9036	4
4774	14309	5
4775	15678	5
4776	18019	5
4776	18020	5
4776	8998	5
4777	8863	5
4777	9789	5
4780	10335	5
4781	14475	5
4781	13369	5
4781	14482	5
4785	8944	4
4788	14480	5
4788	14105	5
4788	15480	5
4788	8934	4
4789	10385	4
4792	9384	0
4795	14276	5
4797	9486	0
4798	10954	5
4798	10955	5
4803	14902	5
4803	14903	5
4803	14904	5
4804	13844	5
4817	9040	5
4817	9044	5
4817	10802	5
4819	677	1
4820	9686	5
4822	3004	0
4825	17099	5
4826	13652	0
4827	4831	0
4827	12505	2
4827	12535	5
4831	20396	4
4833	20379	0
4833	9330	5
4836	12159	5
4836	11281	5
4836	8916	5
4837	17001	5
4839	11943	4
4840	14333	5
4841	8848	5
4841	8850	5
4842	11778	5
4843	14227	5
4843	9739	5
4844	10382	5
4848	9231	0
4848	8926	0
4849	9677	5
4850	9590	4
4851	12225	0
4851	10285	0
4851	9458	5
4852	12326	5
4852	12328	5
4853	14434	5
4854	18950	5
4857	14458	5
4859	10149	5
4859	14482	5
4860	23	1
4860	11729	5
4861	9039	5
4861	9309	5
4863	13349	5
4865	10652	5
4867	14309	5
4867	13738	5
4868	1924	0
4868	11981	5
4872	20194	3
4872	15294	5
4872	15298	5
4872	15140	4
4873	17939	5
4873	13738	5
4874	14332	5
4874	17389	4
4877	11278	0
4877	12579	0
4877	11859	5
4877	13584	5
4879	9760	5
4879	9763	5
4879	9036	4
4880	14312	5
4880	8863	5
4880	9484	4
4882	14312	5
4882	9146	5
4883	10973	5
4883	11758	5
4883	10978	5
4883	10504	5
4883	10982	5
4883	9352	4
4887	13998	0
4887	11668	5
4887	13738	5
4888	18585	0
4893	10049	4
4895	12540	5
4896	9699	5
4898	8961	4
4905	10266	0
4905	10480	0
4909	9789	5
4910	8410	1
4912	16835	5
4912	16836	5
4913	6822	0
4915	10966	5
4915	10348	5
4920	9043	5
4920	8916	5
4922	20461	0
4922	15746	0
4922	13014	5
4923	12249	5
4926	19968	5
4929	12594	5
4929	12595	5
4929	12596	5
4929	10222	5
4929	10504	5
4933	17910	0
4936	14990	5
4937	9044	5
4939	17092	5
4939	15674	5
4941	6506	0
4942	18549	5
4942	17099	5
4943	10760	0
4944	11935	5
4945	8839	0
4948	16420	5
4948	9739	5
4949	12488	5
4951	11937	5
4951	11938	5
4953	13661	5
4953	8827	5
4954	10507	4
4957	15241	5
4957	15243	5
4958	20509	5
4958	20307	5
4958	14359	5
4961	18579	5
4961	9036	4
4964	938	1
4964	9913	5
4967	3990	1
4967	14369	5
4968	14449	5
4968	14451	5
4969	19487	4
4970	10246	5
4971	13254	5
4973	310	0
4973	3254	0
4973	8334	1
4973	11810	5
4973	11512	5
4974	16542	5
4975	19907	5
4976	14381	5
4976	14382	5
4977	13227	5
4977	10881	5
4978	16178	2
4980	13189	5
4983	2966	1
4984	9953	5
4984	14170	5
4985	9039	5
4985	8867	5
4985	9055	5
4985	8916	5
4985	8892	4
4987	14895	5
4987	14897	5
4987	14898	5
4987	14899	5
4987	14903	5
4989	9901	0
4990	8871	4
4992	10643	0
4993	8898	5
4993	8981	4
4995	16128	5
4995	16131	5
4995	16132	5
4995	16133	5
4995	9466	4
4996	10863	0
4997	10335	5
4997	9352	4
4999	193	0
5001	8835	4
5002	16389	5
5002	16392	5
5004	9064	5
5005	14368	5
5005	14481	5
5005	11147	5
5006	10246	5
5009	12249	5
5009	9111	5
5009	12109	4
5009	12180	4
5012	11948	0
5012	8951	5
5012	8994	5
5012	10700	4
5015	9254	5
5015	13737	5
5016	10085	5
5017	12829	5
5017	12831	5
5018	8863	5
5019	17939	5
5019	9146	5
5021	14345	5
5022	779	0
5024	16614	5
5029	12759	5
5029	11018	5
5029	14253	5
5031	10736	5
5031	11182	4
5033	9737	5
5034	6822	0
5034	14434	5
5034	9285	4
5035	12202	5
5036	16548	5
5036	16814	5
5036	12737	5
5037	14198	5
5037	9912	5
5037	9044	5
5038	16220	5
5038	13813	5
5040	13071	5
5041	11111	4
5043	13789	5
5043	12411	4
5045	8913	5
5046	14485	5
5046	14238	5
5049	14260	5
5051	10863	0
5051	13722	5
5051	13757	5
5051	10874	5
5051	13758	5
5055	8710	1
5055	13584	5
5059	13660	5
5059	16369	4
5062	10967	4
5063	8947	0
5063	9042	5
5066	10328	5
5071	12778	5
5072	854	1
5073	14443	0
5075	8939	4
5076	9130	5
5077	12598	5
5079	9076	0
5080	17170	0
5080	15658	5
5081	12656	5
5084	9634	5
5085	13762	5
5085	13298	5
5086	17608	0
5088	13583	5
5089	16251	5
5089	16255	5
5089	16256	5
5089	14999	4
5091	15656	5
5091	9374	5
5091	18815	5
5092	15256	5
5092	14251	5
5093	14527	5
5095	14104	5
5095	14106	5
5095	12760	5
5098	12205	4
5101	13854	5
5101	14484	5
5102	16154	5
5102	12106	4
5104	9076	0
5104	10894	5
5104	10905	5
5105	983	1
5105	14476	5
5106	9699	5
5106	14434	5
5106	14435	5
5106	10348	5
5107	20487	4
5109	14482	5
5109	14371	5
5109	12760	5
5110	13032	5
5112	12486	5
5113	9790	5
5114	10088	4
5117	14232	0
5119	15458	4
5120	14434	5
5121	13165	5
5122	9036	4
5126	13299	5
5128	8940	4
5129	12488	5
5130	11558	0
5130	10348	5
5131	10689	0
5132	9403	2
5133	18627	0
5133	2111	1
5135	17116	0
5135	11891	5
5135	15647	4
5137	4197	1
5137	16473	5
5137	16474	5
5137	16476	5
5137	11616	5
5138	11735	5
5139	9909	0
5141	9254	5
5144	11264	4
5145	14113	5
5145	16198	4
5147	16374	5
5149	9044	5
5149	13438	5
5149	10744	5
5149	13442	5
5151	16628	5
5157	9756	5
5158	12613	5
5158	9790	5
5159	12941	5
5160	17030	0
5160	4282	1
5161	8958	5
5162	13663	0
5164	17100	5
5165	19151	5
5166	10651	5
5166	9130	5
5168	18603	5
5168	18605	5
5168	9743	4
5169	19353	5
5169	16079	5
5171	20004	5
5171	10882	5
5172	11005	0
5173	14964	5
5174	12827	5
5174	12828	5
5175	13470	5
5175	15851	5
5176	938	0
5178	9288	0
5178	10420	5
5178	9036	4
5181	180	1
5181	9959	5
5183	10609	5
5185	12252	5
5185	12255	5
5186	8823	0
5187	14626	0
5187	16567	5
5189	9914	5
5191	18315	5
5191	18318	5
5192	13234	5
5193	8835	4
5194	13821	5
5194	14058	5
5195	15237	5
5196	15453	5
5197	17001	5
5198	9831	5
5198	11449	5
5198	11453	5
5198	10014	5
5203	13258	5
5206	11868	0
5206	15203	5
5212	15324	5
5213	8821	0
5213	13447	5
5214	9433	4
5219	10000	5
5221	10611	4
5222	3860	0
5222	138	1
5222	14310	5
5222	8863	5
5224	11693	5
5227	13299	5
5229	10084	5
5230	10963	5
5230	10910	5
5232	9389	0
5233	311	1
5233	10605	5
5234	10605	5
5237	15737	5
5238	11757	5
5238	16395	5
5239	20669	5
5239	9036	4
5240	14607	5
5242	13369	5
5242	14371	5
5245	11399	5
5247	9285	4
5248	13405	5
5250	1801	1
5251	11076	5
5251	13438	5
5253	15023	5
5254	10611	4
5259	16372	5
5259	16375	5
5262	13236	4
5263	14309	5
5268	18019	5
5270	10456	5
5271	9931	5
5272	10938	3
5273	9750	2
5273	10333	5
5275	9507	0
5275	120	1
5277	3855	0
5277	10466	2
5280	9213	0
5280	9750	2
5281	11327	5
5281	11329	5
5281	9410	4
5286	11446	5
5286	13289	5
5286	9468	4
5288	9596	0
5289	11697	5
5292	2966	1
5293	13324	5
5294	9750	2
5295	10600	0
5295	17437	5
5295	17439	5
5296	11286	5
5296	10450	5
5299	9957	5
5299	9814	5
5299	9964	5
5299	14573	5
5301	8915	5
5303	8970	5
5309	16706	5
5310	6440	1
5313	9384	0
5313	14113	5
5314	15041	5
5314	13471	5
5315	9180	5
5315	14183	5
5317	14181	5
5317	14183	5
5319	10604	5
5319	10606	5
5319	10608	5
5320	18351	5
5321	8823	0
5321	13857	4
5327	9526	5
5327	8879	5
5328	16835	5
5328	9278	5
5329	11012	5
5329	14480	5
5331	983	1
5333	14477	5
5333	11012	5
5333	11147	5
5333	14483	5
5334	8841	5
5334	8843	5
5335	8851	4
5339	9407	5
5343	14184	5
5343	14238	5
5349	16480	5
5350	9407	5
5353	13211	5
5353	13215	5
5357	16530	5
5360	13767	5
5363	13015	5
5365	16391	5
5366	4834	0
5366	15166	5
5366	15335	5
5366	8935	4
5370	16482	5
5370	9305	5
5371	14184	5
5371	14575	5
5371	15376	5
5372	9625	5
5373	9691	2
5373	13206	5
5374	14784	0
5375	9514	5
5380	613	1
5380	12202	5
5382	18020	5
5382	15736	5
5385	12751	5
5385	12755	5
5385	12756	5
5385	12761	5
5388	9721	5
5388	10456	5
5390	9737	5
5394	12361	5
5397	10859	5
5398	12851	5
5399	9808	5
5399	9809	5
5399	9814	5
5404	11712	5
5404	11924	5
5408	11920	5
5408	11922	5
5408	11925	5
5410	9042	5
5410	9044	5
5410	16913	5
5411	4809	1
5417	4158	0
5417	16470	5
5418	14260	5
5419	16475	5
5419	16476	5
5419	8835	4
5422	8897	5
5422	8900	5
5425	16005	5
5428	12926	0
5428	17444	5
5429	14281	5
5432	12777	0
5433	16492	0
5435	14368	5
5435	14482	5
5441	18603	5
5441	18605	5
5441	18608	5
5444	11476	5
5446	14909	4
5448	8799	1
5449	16641	5
5449	8836	4
5450	12572	0
5451	16541	5
5453	15978	4
5454	4834	0
5454	16388	5
5454	10336	5
5458	16103	5
5458	16104	5
5458	16108	5
5460	19010	5
5461	9789	5
5463	16595	5
5465	10607	5
5467	12341	5
5468	16467	5
5468	8935	4
5468	9432	4
5469	17656	5
5470	11120	5
5471	12474	2
5473	12272	5
5475	15244	5
5477	16540	5
5477	11015	5
5477	16774	4
5480	16678	5
5480	16680	5
5483	13738	5
5488	9346	5
5488	11071	5
5495	11370	5
5495	11938	5
5495	8943	4
5497	34	1
5498	10457	4
5505	14373	5
5506	14586	4
5510	4282	1
5514	8177	1
5514	16540	5
5514	16543	5
5514	12985	5
5514	16547	5
5516	10712	0
5517	14434	5
5518	16545	5
5518	16546	5
5519	8813	4
5521	14609	5
5522	16469	5
5524	11070	5
5524	11072	5
5524	8916	5
5525	10612	0
5525	11046	5
5525	10918	5
5525	11689	5
5527	18047	5
5527	8813	4
5528	11018	5
5528	8916	5
5529	11667	5
5529	14750	5
5530	14115	5
5530	18833	5
5533	9338	0
5533	14225	5
5533	14280	5
5535	18047	5
5538	8910	3
5538	9042	5
5538	9045	5
5540	16404	5
5542	16857	5
5543	13019	5
5544	12925	5
5545	9076	0
5549	9053	5
5549	11074	5
5549	11076	5
5551	9039	5
5551	9045	5
5551	12327	5
5555	10712	0
5559	11205	5
5562	8892	4
5564	11047	5
5564	11071	5
5564	11053	5
5564	11076	5
5566	16941	5
5569	16857	5
5573	8821	0
5576	9247	0
5576	9736	2
5577	9515	5
5577	9517	5
5578	15738	4
5579	8813	4
5580	8839	0
5580	12754	5
5580	11011	5
5580	12800	5
5580	9811	5
5580	12761	5
5581	15003	5
5581	10906	5
5582	8605	1
5582	355	1
5582	10474	5
5583	14243	4
5584	12753	5
5584	12754	5
5584	9811	5
5584	12763	5
5587	14412	4
5588	14547	5
5589	15160	4
5590	12759	5
5590	12763	5
5590	12764	5
5591	8931	3
5591	12672	5
5591	10958	5
5592	8949	5
5592	10459	4
5593	9280	0
5594	1094	1
5594	12762	5
5599	11075	5
5599	10627	4
5600	12891	2
5601	14373	5
5602	9683	5
5603	14484	5
5606	9511	5
5606	9514	5
5606	9516	5
5606	9517	5
5606	9519	5
5607	13030	5
5607	13069	5
5609	9511	5
5611	12696	0
5611	12698	5
5614	9340	0
5614	9517	5
5616	14373	5
5619	11047	5
5619	11073	5
5619	11074	5
5619	10908	5
5619	11077	5
5620	9535	0
5622	9064	5
5622	9518	5
5622	9519	5
5622	9102	4
5623	9281	0
5625	9517	5
5627	10472	0
5628	10452	0
5628	11076	5
5628	8916	5
5628	11377	4
5630	10399	5
5630	10152	5
5631	195	1
5631	12942	5
5633	9516	5
5634	16777	5
5634	13166	5
5634	9484	4
5635	9737	5
5635	9768	4
5637	11069	5
5637	11047	5
5638	11324	5
5638	9407	5
5638	11327	5
5638	9680	5
5640	10683	5
5640	9729	5
5641	10200	5
5642	9773	0
5642	12599	5
5642	12602	5
5643	14571	5
5644	18914	4
5647	9349	5
5647	13985	5
5648	14034	4
5651	11071	5
5651	11073	5
5651	8916	5
5652	18723	4
5654	13584	5
5655	13984	5
5655	16066	5
5658	8836	4
5660	20892	0
5663	14162	5
5663	14163	5
5663	10261	5
5664	4831	1
5665	16862	5
5668	18216	5
5668	13739	4
5669	10908	5
5672	11533	0
5672	12375	5
5675	8811	2
5675	8916	5
5677	13844	5
5677	8835	4
5677	9352	4
5678	14247	0
5678	14250	5
5678	13063	5
5678	14254	5
5679	8867	5
5680	13844	5
5680	13837	5
5681	11278	0
5681	16482	5
5685	9290	5
5685	9583	5
5685	9701	5
5687	16420	5
5688	15930	0
5692	13587	5
5694	16073	5
5695	15826	5
5696	18550	5
5697	2897	1
5698	13378	5
5701	13788	5
5701	9129	5
5701	12521	5
5703	13148	5
5704	9159	5
5706	16856	5
5706	16859	5
5706	14118	5
5706	14987	5
5706	11053	5
5710	11783	0
5710	10667	5
5710	10998	5
5712	16859	5
5712	14230	5
5712	9739	5
5715	12151	5
5715	9049	5
5715	12329	5
5718	638	0
5718	12341	5
5720	10572	5
5720	10574	5
5722	312	0
5722	9207	5
5722	9677	5
5723	13689	5
5723	16204	5
5724	14909	4
5725	312	0
5725	9041	5
5725	9042	5
5726	7167	0
5726	12518	5
5728	10963	5
5729	19028	5
5732	10003	5
5732	9838	5
5732	14575	5
5732	12919	5
5733	12334	5
5733	12342	5
5734	10800	5
5736	16077	5
5736	16076	5
5736	12329	5
5738	14876	5
5738	13032	5
5738	14854	5
5738	13040	5
5739	11020	5
5739	12763	5
5742	16542	5
5743	11667	5
5744	12586	0
5745	12962	0
5745	12958	5
5746	12831	5
5747	8808	0
5748	779	0
5749	11558	0
5749	8940	4
5750	10879	5
5751	9401	0
5751	13405	5
5752	11512	5
5753	13029	5
5753	14880	5
5753	14881	5
5753	13368	5
5753	14882	5
5754	15144	5
5757	14883	5
5757	13072	5
5758	9123	5
5758	17480	5
5758	17481	5
5758	9023	5
5759	13405	5
5764	8808	0
5764	19902	5
5767	14880	5
5767	14883	5
5767	14886	5
5772	8915	5
5773	10267	0
5773	11262	5
5774	16674	5
5774	16676	5
5777	14113	5
5780	10743	5
5781	18301	5
5782	14607	5
5783	8820	0
5784	9084	5
5788	12249	5
5788	9111	5
5788	12255	5
5790	8808	0
5791	12502	5
5792	9346	5
5792	11070	5
5792	11073	5
5792	11053	5
5795	13563	5
5795	16080	4
5798	3112	1
5799	10528	2
5801	16042	5
5803	9014	5
5803	9015	5
5803	9016	5
5807	12325	5
5807	9055	5
5807	8835	4
5809	14274	5
5809	14368	5
5809	14479	5
5809	12760	5
5810	16544	5
5814	8820	0
5816	9950	5
5817	10456	5
5819	8957	5
5820	9345	5
5821	10607	5
5822	15930	0
5822	16737	0
5825	12716	5
5826	13019	5
5827	9134	5
5827	12730	4
5828	9134	5
5828	12519	5
5829	9613	5
5831	1719	1
5831	17740	5
5832	10348	5
5837	10993	5
5837	10994	5
5837	10997	5
5838	13210	5
5838	13217	5
5839	16250	5
5839	16138	5
5839	16256	5
5845	12598	5
5848	9458	5
5853	9187	5
5855	14823	5
5855	17223	5
5855	8967	5
5857	11069	5
5857	11073	5
5857	11053	5
5858	8054	0
5858	17814	5
5858	17815	5
5859	12361	5
5859	17914	5
5859	16400	5
5859	12632	4
5861	8931	3
5861	12753	5
5861	12755	5
5861	12758	5
5861	12760	5
5861	12763	5
5864	6237	1
5865	9808	5
5865	9809	5
5866	2495	0
5868	18314	5
5868	18317	5
5868	18319	5
5874	9247	0
5877	10991	5
5877	10994	5
5877	10997	5
5880	9345	5
5880	13438	5
5883	21	1
5883	9048	5
5883	9049	5
5886	10030	2
5887	8957	5
5888	13691	4
5891	14876	5
5891	14880	5
5891	14882	5
5891	13040	5
5892	17656	5
5892	9188	5
5894	9128	5
5896	17426	5
5897	16236	5
5897	14896	5
5898	14114	5
5898	14121	5
5898	9739	5
5898	9520	4
5899	12227	5
5902	13527	4
5905	13527	4
5910	12623	5
5910	17751	5
5912	1914	0
5914	15872	5
5915	1914	0
5917	19175	5
5918	9389	0
5919	11316	0
5919	12253	5
5925	9123	5
5927	9120	0
5928	10483	5
5932	10348	5
5933	9379	5
5936	13369	5
5936	14478	5
5936	14480	5
5936	14371	5
5936	14485	5
5938	10567	5
5940	14118	5
5948	8912	5
5949	11515	5
5950	9432	4
5951	15377	5
5951	12763	5
5951	13196	5
5952	14476	5
5952	15715	5
5954	14943	5
5957	10484	5
5957	10669	5
5958	9703	5
5960	3328	0
5960	13546	5
5960	13550	5
5961	12831	5
5962	13527	4
5963	14905	5
5965	16825	0
5966	19425	5
5966	14198	5
5966	13014	5
5966	15479	5
5966	19430	5
5969	13169	5
5970	1914	0
5972	14113	5
5974	9128	5
5982	10470	0
5982	12625	5
5984	8942	4
5985	14260	5
5988	12672	5
5988	12676	5
5991	16856	5
5991	14117	5
5992	9768	4
5995	10996	5
5995	9732	5
5995	10533	4
5996	10602	2
5996	8998	5
5996	14946	5
5996	12331	4
5998	13405	5
6001	10964	5
6002	11087	5
6002	11088	5
6002	11090	5
6002	11092	5
6003	13171	5
6003	13172	5
6007	10606	5
6007	10608	5
6014	10222	5
6017	14243	4
6018	11936	5
6021	14855	5
6023	16541	5
6024	16392	5
6026	10536	4
6028	13900	5
6030	9670	0
6031	14745	5
6031	12373	5
6032	16542	5
6034	10149	5
6036	13591	5
6038	10888	5
6038	13717	5
6038	13720	5
6038	13722	5
6039	9513	5
6039	9047	5
6039	9021	5
6039	9708	4
6046	14899	5
6048	13584	5
6050	9955	5
6050	10262	5
6050	9962	5
6050	10013	5
6051	1197	1
6052	16392	5
6053	11130	5
6054	8821	0
6056	20187	5
6057	9777	5
6058	9703	5
6060	16425	5
6062	14358	5
6065	13583	5
6068	9910	2
6068	10133	4
6072	2495	0
6073	10686	5
6079	11095	5
6079	10838	4
6082	11475	5
6082	11478	5
6083	9866	0
6083	11096	5
6083	11101	5
6085	603	1
6085	10277	5
6088	10624	5
6094	10542	5
6095	13756	5
6095	9443	5
6098	10163	0
6098	11076	5
6098	10802	5
6101	11287	5
6102	10643	0
6102	3254	0
6102	14678	5
6102	10735	5
6104	15121	5
6104	12753	5
6105	9866	0
6109	9375	5
6110	10417	5
6110	12090	5
6110	10421	5
6111	12739	5
6113	14114	5
6113	10604	5
6114	17412	5
6114	13703	5
6115	9084	5
6121	16389	5
6124	12595	5
6124	12602	5
6125	9915	5
6125	12460	5
6126	9200	0
6128	10440	5
6128	13111	5
6130	9912	5
6132	16936	5
6133	13737	5
6141	12488	5
6142	193	0
6143	13870	4
6145	13009	0
6145	16960	0
6149	10086	5
6154	8948	3
6154	13291	5
6155	11471	5
6156	11011	5
6156	11014	5
6156	11017	5
6156	11022	5
6157	12683	5
6157	12737	5
6159	9247	0
6159	9130	5
6159	10653	5
6159	9134	5
6163	9322	5
6163	19955	5
6164	13361	0
6165	15392	3
6166	13991	5
6166	21115	4
6169	3004	0
6169	20901	0
6169	20669	5
6172	11094	5
6172	11100	5
6172	11101	5
6172	11208	4
6174	8987	5
6174	8996	5
6174	14946	5
6175	11537	0
6175	10190	4
6177	9013	5
6177	9022	5
6177	9034	4
6177	8981	4
6178	8879	5
6179	10190	4
6180	22	0
6180	9080	5
6180	9085	5
6181	938	0
6182	9044	5
6182	9047	5
6182	9051	5
6182	9054	5
6183	21	1
6184	21128	5
6185	12735	5
6185	12643	5
6186	8838	0
6190	13032	5
6190	9047	5
6190	14849	5
6190	14885	5
6190	14886	5
6192	2281	1
6192	10903	5
6193	14878	5
6193	14880	5
6193	14884	5
6193	13072	5
6195	8811	2
6195	9099	5
6196	13842	5
6196	13848	5
6198	17125	5
6198	8958	5
6199	9084	5
6199	17991	5
6200	13748	5
6200	13749	5
6202	17529	2
6203	8989	5
6207	195	1
6208	10996	5
6211	10082	2
6211	12350	5
6212	9168	5
6212	13312	4
6216	16103	5
6219	10503	5
6219	10505	5
6220	12674	5
6223	4197	0
6227	11122	5
6227	11090	5
6228	10056	5
6229	10628	4
6233	16467	5
6235	9207	5
6236	938	0
6237	8944	4
6246	11568	0
6247	14114	5
6247	14230	5
6248	8916	5
6250	15427	5
6251	11020	5
6251	13014	5
6252	8987	5
6252	17147	5
6253	9111	5
6253	9814	5
6253	10073	5
6257	8808	0
6257	9950	5
6257	9952	5
6257	9964	5
6261	13347	5
6262	12520	5
6262	9159	5
6262	15000	4
6262	17894	4
6263	9322	5
6264	13614	5
6265	11681	0
6267	8832	5
6268	14198	5
6268	15375	5
6268	12758	5
6268	14184	5
6272	10205	0
6272	13821	5
6274	8987	5
6276	12009	0
6277	17442	5
6278	11316	0
6279	9040	5
6280	334	1
6281	13371	5
6282	12401	0
6283	10084	5
6284	13019	5
6285	15000	4
6285	17894	4
6286	17001	5
6288	16237	5
6288	14896	5
6288	16118	5
6288	16226	5
6288	9916	5
6288	15978	4
6290	10186	4
6293	14981	5
6293	16114	5
6296	8916	5
6296	15978	4
6301	10541	5
6301	10543	5
6303	10609	5
6305	11262	5
6309	16006	4
6311	9124	5
6311	9128	5
6311	9130	5
6311	9132	5
6311	10653	5
6311	9133	5
6312	310	0
6312	10771	5
6312	9255	5
6313	16236	5
6313	8987	5
6316	10834	4
6317	13726	5
6317	18418	5
6318	12089	2
6318	8957	5
6320	9384	0
6320	12564	0
6320	9129	5
6320	10660	5
6322	18153	5
6323	14877	5
6323	13029	5
6323	13368	5
6323	14883	5
6323	13072	5
6325	14999	4
6326	12232	5
6326	12251	5
6326	10277	5
6327	14113	5
6327	14170	5
6327	15578	4
6332	10776	5
6336	13789	5
6338	12577	4
6341	9678	5
6344	11371	5
6346	14022	5
6348	21177	4
6350	12716	5
6351	10149	5
6351	17989	5
6352	14731	4
6353	20222	0
6353	16706	5
6355	14731	4
6356	2525	1
6356	8824	2
6359	19306	5
6360	14229	5
6360	18009	5
6360	13587	5
6360	13589	5
6362	16859	5
6362	16423	5
6363	8934	4
6363	9352	4
6363	8939	4
6364	18009	5
6365	10049	4
6366	13930	5
6366	13932	5
6367	13562	5
6367	9129	5
6367	12411	4
6368	10084	5
6369	13573	5
6370	10152	5
6371	11278	0
6371	9281	0
6371	8835	4
6372	12530	4
6374	16912	5
6374	9043	5
6374	9048	5
6374	14988	5
6375	13563	5
6375	9134	5
6376	14482	5
6377	10086	5
6378	9622	5
6380	8777	1
6383	15002	5
6384	17398	5
6384	19176	5
6384	9484	4
6385	9336	0
6387	9256	5
6390	10680	5
6390	11721	5
6391	8942	4
6392	8846	5
6393	9742	4
6399	12598	5
6399	10222	5
6400	16068	0
6400	12598	5
6400	12361	5
6400	13148	5
6403	12756	5
6403	14107	5
6403	14108	5
6403	14109	5
6404	20661	3
6404	12766	4
6406	9305	5
6406	15690	5
6407	11278	0
6407	9330	5
6408	9986	0
6409	9040	5
6409	12706	4
6411	12675	5
6413	15480	5
6415	22	1
6417	15785	5
6418	203	1
6419	11571	4
6420	10528	2
6420	21213	4
6421	16974	5
6422	16060	5
6422	14831	5
6422	16019	5
6423	6822	0
6424	9345	5
6427	13900	5
6430	8926	0
6431	9005	5
6431	8914	5
6432	15492	5
6436	10660	5
6437	12295	5
6440	11622	5
6440	9449	5
6441	10485	5
6442	11622	5
6442	11933	5
6442	11934	5
6442	11938	5
6442	11616	5
6443	11144	5
6443	11145	5
6443	11146	5
6445	11890	5
6445	10605	5
6445	11938	5
6446	107	1
6446	8915	5
6447	16071	5
6447	18138	5
6447	16074	5
6449	13591	5
6450	9750	2
6450	10276	5
6450	10073	5
6452	18183	5
6452	12377	5
6452	18185	5
6452	18186	5
6453	13853	5
6453	13854	5
6453	8967	5
6453	9729	5
6454	9588	4
6458	11069	5
6458	11074	5
6458	11075	5
6458	10683	5
6458	11078	5
6460	18964	5
6461	10284	0
6464	12898	5
6465	14251	5
6465	12756	5
6468	14373	5
6469	10953	5
6469	10954	5
6469	10955	5
6471	15189	0
6471	14477	5
6471	11012	5
6473	9871	5
6474	12892	5
6474	12893	5
6474	12895	5
6474	12898	5
6475	10938	3
6479	14480	5
6479	14482	5
6479	14485	5
6484	9739	5
6488	8899	5
6489	17391	5
6489	17392	5
6490	15658	5
6492	10162	0
6494	10149	5
6495	9308	5
6496	17940	5
6496	17711	5
6496	9278	5
6496	16837	5
6497	16543	5
6499	12135	5
6500	311	0
6500	10847	4
6501	9812	5
6505	11046	5
6505	10899	5
6508	638	0
6508	12334	5
6508	12340	5
6508	12341	5
6509	10859	5
6513	13227	5
6513	14750	5
6517	15016	5
6519	9449	5
6519	16298	5
6519	16020	5
6520	13211	5
6521	14799	5
6521	14802	5
6521	14807	5
6522	14362	5
6522	9188	5
6522	19881	5
6524	10013	5
6525	9127	5
6525	9134	5
6526	8821	0
6526	8851	4
6527	936	0
6527	11615	5
6527	11616	5
6530	15003	5
6530	11786	5
6533	10102	5
6533	9757	5
6534	21263	5
6535	13470	5
6536	939	1
6536	9137	4
6537	2228	1
6540	8889	0
6540	9484	4
6542	10152	5
6543	13562	5
6543	13563	5
6547	11012	5
6548	10171	0
6548	10148	5
6550	19427	5
6550	15082	5
6551	9336	0
6553	11920	5
6555	16404	5
6555	10604	5
6555	14227	5
6556	12655	5
6561	11757	5
6561	11760	5
6562	1914	0
6563	10010	5
6563	10013	5
6564	14024	5
6567	11071	5
6567	10683	5
6569	14345	5
6570	9043	5
6570	9055	5
6571	648	1
6571	12089	2
6571	10277	5
6573	12894	5
6574	10319	5
6574	10321	5
6575	11736	5
6576	14167	5
6576	13015	5
6578	16390	5
6578	12361	5
6581	528	1
6583	11697	5
6583	15826	5
6584	9036	4
6588	10328	5
6589	18817	5
6590	138	1
6590	15507	5
6591	9931	5
6592	11668	5
6593	9130	5
6598	10349	5
6599	13325	5
6601	14481	5
6601	13854	5
6601	14485	5
6602	11542	0
6603	704	1
6603	9950	5
6603	9959	5
6603	10073	5
6604	12008	0
6605	8811	2
6605	9045	5
6606	13349	5
6606	10007	5
6606	10002	5
6607	13610	5
6607	13617	5
6608	14274	5
6608	14480	5
6608	14482	5
6614	9456	5
6614	9458	5
6615	13287	5
6616	16657	5
6617	13608	5
6617	13611	5
6618	10607	5
6619	13572	5
6620	17356	5
6620	11002	5
6620	17357	5
6620	17358	5
6620	11305	5
6620	17359	5
6621	13052	5
6621	13053	5
6625	195	0
6625	2228	0
6627	12156	0
6628	9407	5
6628	12137	5
6628	12141	4
6629	9127	5
6629	11735	5
6629	10881	5
6631	16541	5
6631	16542	5
6631	16549	5
6635	9488	5
6636	17400	5
6636	10334	5
6637	15373	5
6637	13063	5
6639	14113	5
6641	14001	4
6643	16539	0
6643	12737	5
6644	10629	0
6644	18410	5
6644	18411	5
6644	18414	5
6645	8970	5
6646	11286	5
6646	11287	5
6646	10421	5
6647	3332	0
6648	14484	5
6652	13574	4
6652	13556	4
6653	11736	5
6653	10653	5
6653	9130	5
6655	14274	5
6655	15578	4
6656	462	1
6656	10919	5
6657	10881	5
6658	12422	4
6659	15145	5
6660	9750	2
6661	4179	0
6661	10229	0
6664	18886	5
6665	2274	0
6665	15850	5
6666	8821	0
6667	11735	5
6668	14485	5
6675	10082	2
6679	13509	4
6681	10560	4
6682	18021	5
6685	14444	0
6685	12753	5
6685	12754	5
6685	11011	5
6685	12758	5
6686	21102	0
6688	6506	0
6688	10457	4
6692	8912	5
6693	10880	5
6693	10609	5
6694	10246	5
6694	9966	5
6695	21000	5
6695	16542	5
6695	21308	5
6696	9401	0
6696	18066	5
6697	13562	5
6698	9681	5
6699	8913	5
6700	10610	4
6702	12898	5
6704	9622	5
6704	9608	5
6706	9873	4
6707	14114	5
6708	25	1
6709	14251	5
6709	14184	5
6712	12586	0
6713	10063	5
6713	16465	5
6714	8488	0
6715	167	0
6716	3332	0
6716	932	1
6716	13562	5
6716	9129	5
6716	13510	4
6717	10321	5
6718	8944	4
6719	10088	4
6720	9520	4
6721	9111	5
6721	12252	5
6723	12856	5
6724	19024	5
6724	18950	5
6725	12823	0
6726	8821	0
6727	14575	5
6727	14577	5
6727	12445	5
6730	11069	5
6730	11047	5
6730	11071	5
6730	10683	5
6730	10908	5
6733	13171	5
6734	9658	5
6736	9049	5
6736	9051	5
6736	9055	5
6737	8958	5
6740	10603	5
6740	17391	5
6740	9739	5
6743	17328	0
6744	10589	5
6745	8846	5
6745	8849	5
6745	8850	5
6746	12040	5
6746	8935	4
6747	10638	0
6747	14238	5
6752	10610	4
6755	14476	5
6758	17482	5
6758	9056	4
6760	9016	5
6762	10588	5
6762	18038	5
6763	9912	5
6764	23	1
6766	9174	0
6767	16732	5
6768	8799	1
6769	11281	5
6770	9915	5
6771	12751	5
6771	12752	5
6771	9811	5
6771	12759	5
6771	12761	5
6771	12764	5
6771	12766	4
6774	9045	5
6777	9250	0
6778	12985	5
6780	13761	5
6783	14059	5
6783	14060	5
6785	10348	5
6790	138	1
6790	10082	2
6790	13703	5
6791	10962	5
6791	10910	5
6793	9348	5
6794	13121	0
6795	17100	5
6796	14121	5
6796	9608	5
6796	8864	5
6796	14303	5
6799	8925	0
6799	9304	5
6802	18451	0
6802	11088	5
6802	11091	5
6802	11092	5
6802	11094	5
6802	11095	5
6803	9127	5
6803	9131	5
6804	14345	5
6805	8867	5
6805	8916	5
6806	8913	5
6807	10610	4
6809	12172	5
6809	8944	4
6811	167	1
6812	14567	5
6814	13689	5
6816	17459	5
6817	9513	5
6817	9612	5
6819	617	1
6820	10220	5
6820	11830	4
6822	12624	5
6827	9752	5
6829	10500	5
6830	9953	5
6830	9954	5
6830	9955	5
6830	9484	4
6832	14146	5
6834	8799	0
6834	8955	0
6834	10322	5
6837	10498	5
6838	10976	5
6838	10982	5
6838	9036	4
6840	9750	2
6840	10419	5
6840	10421	5
6842	14365	5
6842	17298	5
6843	15052	5
6845	10504	5
6846	16561	5
6846	12737	5
6846	16570	5
6847	16075	5
6853	17126	5
6856	10087	5
6859	12409	5
6860	16404	5
6862	10030	2
6863	9753	5
6865	9207	5
6865	9680	5
6867	16424	5
6868	16680	5
6870	13659	5
6870	10609	5
6872	17329	5
6873	9990	5
6875	10938	3
6878	17481	5
6878	17483	5
6880	15484	0
6880	15716	5
6880	14482	5
6880	15717	5
6881	9045	5
6881	9684	5
6881	18683	5
6884	10335	5
6887	8835	4
6888	16614	5
6889	1914	0
6889	16470	5
6893	12985	5
6893	9814	5
6898	10588	5
6900	9158	5
6902	13587	5
6906	8913	5
6907	8955	0
6907	10013	5
6908	9127	5
6910	8820	0
6910	9036	4
6911	12756	5
6911	12759	5
6911	12765	4
6912	14048	5
6912	12488	5
6914	9664	5
6914	9665	5
6916	10127	5
6917	9737	5
6921	13070	5
6921	16272	5
6921	16275	5
6921	13817	5
6923	7583	0
6926	15586	0
6926	12778	5
6928	10285	0
6928	12248	5
6930	8946	0
6933	9832	5
6935	852	1
6937	9040	5
6937	11283	4
6939	12521	5
6941	11473	5
6941	10475	4
6942	16138	5
6943	8912	5
6946	11778	5
6946	16266	5
6946	14909	4
6948	12656	5
6950	10963	5
6952	10421	5
6953	16088	5
6954	12617	5
6955	16374	5
6955	16376	5
6959	16261	5
6962	10529	5
6967	16480	5
6967	18474	5
6968	16073	5
6969	13585	5
6969	13587	5
6971	12919	5
6971	9835	5
6971	9381	4
6972	13562	5
6972	9129	5
6973	12828	5
6974	12896	5
6974	12897	5
6976	11353	5
6978	16262	5
6978	16137	5
6978	13439	5
6981	14984	5
6981	16696	4
6982	16012	5
6982	19104	5
6982	13210	5
6983	16420	5
6983	14227	5
6986	9041	5
6986	9042	5
6986	9050	5
6986	8867	5
6986	9055	5
6987	10457	4
6988	10038	5
6989	9048	5
6989	8867	5
6992	10749	2
6993	9308	5
6993	12656	5
6995	10608	5
6996	13581	5
6996	9739	5
6997	9066	5
6998	9280	0
6998	10529	5
6999	3705	1
6999	20687	5
6999	18066	5
6999	20690	5
6999	20694	5
7002	13562	5
7002	10881	5
7003	10960	5
7006	9322	5
7007	13750	5
7007	9520	4
7008	10880	5
7009	15872	5
7011	18414	5
7016	14453	5
7020	9739	5
7023	12702	0
7023	13592	5
7026	12702	0
7026	11328	5
7026	8935	4
7026	12730	4
7027	18634	5
7029	14433	5
7033	14369	5
7034	15857	5
7036	14224	5
7036	20190	5
7037	3997	1
7038	10992	5
7038	12619	4
7040	12730	4
7042	551	1
7042	11470	5
7043	14433	5
7043	9699	5
7044	9940	5
7048	10667	5
7049	12894	5
7053	12294	5
7055	8841	5
7055	8891	4
7056	9127	5
7056	14608	5
7056	13788	5
7058	19511	0
7059	10881	5
7059	9129	5
7061	13406	5
7066	17741	5
7067	13013	5
7067	9811	5
7069	11735	5
7070	13014	5
7072	13543	5
7072	16107	5
7073	10800	5
7073	9049	5
7075	10753	5
7075	10920	5
7075	10925	5
7075	10908	5
7076	11735	5
7078	10945	5
7079	16105	5
7079	16107	5
7080	13788	5
7080	9520	4
7083	9129	5
7084	9129	5
7085	14281	5
7085	16404	5
7085	17392	5
7088	9129	5
7093	18116	5
7094	11290	0
7094	14167	5
7096	16420	5
7096	14281	5
7097	13749	5
7099	11047	5
7099	11048	5
7099	10448	5
7099	9352	4
7101	16568	5
7101	16569	5
7101	12737	5
7102	13562	5
7102	10881	5
7103	14802	5
7104	11073	5
7104	10683	5
7106	13589	5
7106	13591	5
7108	11735	5
7108	10881	5
7109	14848	5
7110	14486	5
7110	14477	5
7110	11012	5
7111	16104	5
7111	16106	5
7113	16103	5
7113	13439	5
7113	16106	5
7114	10651	5
7114	10652	5
7116	9344	5
7116	14813	4
7117	13562	5
7117	13788	5
7120	12481	0
7120	13562	5
7122	11072	5
7122	11047	5
7122	11070	5
7122	8916	5
7122	9352	4
7123	10879	5
7123	9129	5
7124	21	1
7125	10683	5
7128	18417	5
7130	13543	5
7132	16103	5
7133	19795	0
7133	12851	5
7133	12852	5
7133	12857	5
7134	9120	0
7134	16064	5
7134	9349	5
7135	13213	5
7135	16108	5
7137	15642	5
7138	16104	5
7138	13213	5
7139	10354	2
7139	9039	5
7139	9051	5
7139	15643	4
7141	10059	0
7141	11858	5
7141	11859	5
7141	10735	5
7142	10991	5
7142	10993	5
7142	9378	5
7145	11712	5
7145	11926	5
7145	11928	5
7147	15479	5
7147	19428	5
7147	19431	5
7151	8913	5
7151	9433	4
7156	17356	5
7156	17355	5
7156	17358	5
7156	17360	5
7158	14565	0
7158	16640	5
7159	8846	5
7160	9213	0
7160	13014	5
7161	12250	5
7161	12253	5
7161	10277	5
7163	9682	5
7164	13550	5
7165	10621	0
7165	10623	5
7165	10624	5
7166	10379	5
7166	15628	4
7169	14134	5
7169	16707	5
7170	9658	5
7170	9433	4
7171	13542	5
7171	9514	5
7172	9685	5
7177	10932	5
7177	10483	5
7178	10541	5
7178	10542	5
7178	20547	4
7180	9495	5
7181	13562	5
7182	9750	2
7186	16174	4
7186	8939	4
7188	9683	5
7189	12599	5
7190	9410	4
7191	16469	5
7193	9511	5
7194	11712	5
7194	18619	5
7194	9352	4
7196	8958	5
7198	14312	5
7198	9789	5
7199	11273	5
7199	9352	4
7200	21458	0
7202	12926	0
7202	12325	5
7202	9055	5
7204	16071	5
7207	14118	5
7207	14987	5
7211	10902	5
7211	11689	5
7211	10683	5
7211	10448	5
7211	13316	5
7211	10717	4
7212	10277	5
7213	9711	5
7215	10259	5
7215	10151	5
7215	10262	5
7216	16593	5
7216	16596	5
7220	13811	5
7220	13070	5
7222	16593	5
7222	16594	5
7225	17710	5
7226	8915	5
7230	10030	2
7230	13123	5
7230	9814	5
7231	10945	5
7233	14167	5
7233	14290	5
7235	9044	5
7235	9048	5
7235	15678	5
7236	9048	5
7236	9053	5
7236	8916	5
7237	10527	0
7237	8836	4
7238	9230	0
7238	11329	5
7239	12328	5
7242	12736	5
7242	16073	5
7243	14116	5
7244	11594	5
7250	9703	5
7251	10732	5
7253	716	1
7253	9608	5
7254	12739	5
7256	10883	5
7256	9129	5
7257	10731	5
7257	10507	4
7258	10086	5
7259	14444	0
7259	12751	5
7259	11007	5
7259	12753	5
7259	12758	5
7259	12763	5
7260	10745	5
7263	10973	5
7263	10980	5
7264	11324	5
7264	11328	5
7264	9410	4
7265	7813	0
7265	8857	0
7265	6977	1
7265	8981	4
7266	16389	5
7266	16395	5
7266	10736	5
7268	10620	0
7268	311	1
7269	10963	5
7270	9139	2
7271	12752	5
7271	9811	5
7272	9045	5
7272	9309	5
7277	10926	5
7278	8517	1
7280	12474	2
7280	9186	5
7280	18145	5
7281	12936	0
7281	12597	5
7281	12598	5
7281	12601	5
7284	10743	5
7284	8915	5
7285	9725	5
7285	8870	5
7288	18351	5
7288	17440	5
7292	13613	5
7292	13616	5
7292	9352	4
7293	17001	5
7296	4282	0
7298	9304	5
7298	9330	5
7298	15690	5
7301	16964	5
7302	10975	5
7302	10336	5
7302	10978	5
7302	10981	5
7304	138	1
7306	14571	5
7307	18550	5
7311	18817	5
7313	8710	1
7315	17356	5
7319	15200	5
7319	15202	5
7319	10501	5
7321	9659	5
7321	9658	5
7321	18683	5
7322	11961	5
7323	17090	5
7323	18413	5
7323	18416	5
7324	16999	5
7324	15678	5
7324	8915	5
7326	9040	5
7329	9066	5
7332	17459	5
7333	9808	5
7333	9809	5
7334	9048	5
7336	8915	5
7337	13593	4
7338	8844	5
7342	9261	5
7343	10529	5
7345	9596	0
7349	1891	0
7349	16640	5
7351	9594	4
7352	14909	4
7354	13042	5
7354	9711	5
7356	8891	4
7359	9557	0
7359	16912	5
7361	9111	5
7361	12251	5
7365	16722	5
7366	11310	5
7367	10147	5
7370	10355	5
7373	13562	5
7374	8926	0
7375	434	1
7375	333	1
7376	9407	5
7377	17001	5
7383	258	1
7383	11048	5
7383	10908	5
7383	9729	5
7383	10560	4
7384	9791	5
7388	17100	5
7389	13299	5
7389	15237	5
7390	14225	5
7391	9039	5
7391	9040	5
7391	9041	5
7392	8960	5
7393	9127	5
7395	9384	0
7395	17370	0
7395	1633	1
7397	10743	5
7397	8835	4
7398	8949	5
7400	11285	5
7401	11316	0
7401	16118	5
7404	11316	0
7404	11107	5
7406	12173	5
7407	12108	0
7407	6440	1
7408	8839	0
7409	10825	5
7409	12174	4
7410	18821	5
7412	9757	5
7413	9043	5
7413	9049	5
7415	8838	0
7416	12733	5
7417	17480	5
7418	13659	5
7418	9129	5
7419	19351	5
7420	14332	5
7420	9739	5
7422	10590	5
7423	8841	5
7423	8847	5
7423	8848	5
7425	12736	5
7425	12738	5
7425	10745	5
7426	13014	5
7426	10993	5
7426	12758	5
7429	12672	5
7431	8807	0
7431	202	1
7432	12736	5
7433	9430	5
7433	9145	5
7435	16542	5
7435	14384	5
7435	12737	5
7438	17009	5
7438	14275	5
7440	10604	5
7441	16480	5
7442	20496	0
7442	10439	5
7443	9711	5
7444	10541	5
7448	3408	1
7448	15851	5
7448	9743	4
7449	8892	4
7450	9352	4
7454	9043	5
7454	9044	5
7454	9047	5
7454	9054	5
7455	12683	5
7459	10543	5
7460	9036	4
7465	9931	5
7465	10086	5
7466	9707	5
7470	9694	0
7472	333	1
7472	10825	5
7473	12291	5
7473	10277	5
7473	12236	5
7474	9817	4
7475	12828	5
7475	12829	5
7476	14759	0
7477	15420	4
7478	10753	5
7478	10922	5
7478	10923	5
7480	14164	5
7480	14166	5
7480	14168	5
7480	10261	5
7480	15101	4
7485	9281	0
7485	17442	5
7486	2314	1
7486	17067	5
7486	13581	5
7486	10604	5
7486	9739	5
7488	10439	5
7488	21252	5
7490	10073	5
7493	10439	5
7495	9334	0
7495	14640	5
7496	11051	5
7499	9348	5
7503	17001	5
7503	13583	5
7503	9742	4
7510	1806	1
7510	1884	1
7511	12683	5
7512	15781	0
7514	18183	5
7514	18185	5
7515	13591	5
7517	12111	4
7518	9174	0
7519	8833	4
7520	12251	5
7520	12255	5
7521	17877	5
7521	17357	5
7521	17359	5
7521	10882	5
7523	12730	4
7524	8826	3
7525	10385	4
7526	9468	4
7527	10603	5
7531	15132	0
7534	16614	5
7536	9721	5
7536	12159	5
7536	8967	5
7537	1286	0
7539	16593	5
7539	16470	5
7541	15291	5
7544	9304	5
7544	9305	5
7548	9484	4
7552	9215	5
7553	12823	0
7553	10030	2
7553	16677	5
7554	11691	5
7555	9674	4
7557	14970	5
7558	16561	5
7562	15115	0
7562	14478	5
7562	15491	5
7562	12760	5
7562	14486	5
7562	14372	5
7563	11099	5
7567	19348	5
7568	13371	5
7568	15237	5
7568	15238	5
7568	13642	5
7569	9567	5
7570	14001	4
7571	10515	5
7572	14575	5
7572	15082	5
7572	15480	5
7572	14485	5
7572	14251	5
7574	16284	5
7576	13378	5
7583	11011	5
7584	14484	5
7587	8989	5
7587	9429	5
7587	8997	5
7589	12756	5
7589	14108	5
7594	12474	2
7599	10030	2
7599	16722	5
7600	16128	5
7601	12373	5
7601	12376	5
7602	13762	5
7603	9790	5
7607	9053	5
7613	9047	5
7613	9050	5
7613	9055	5
7613	9042	5
7614	10320	5
7614	9755	5
7614	9757	5
7615	9654	5
7616	8831	5
7618	2274	0
7618	13068	5
7618	16988	5
7618	9188	5
7619	10604	5
7620	13811	5
7620	13032	5
7623	10385	4
7624	16546	5
7624	16547	5
7625	10603	5
7626	10499	5
7627	15673	5
7627	14345	5
7627	15681	5
7627	12634	4
7628	8811	2
7628	8914	5
7630	9042	5
7630	9045	5
7630	9048	5
7630	18194	5
7634	716	0
7635	10030	2
7635	15428	5
7641	10880	5
7641	11227	5
7641	13788	5
7641	18110	5
7642	9814	5
7643	16420	5
7643	16404	5
7643	17391	5
7643	13587	5
7644	11331	4
7649	10600	0
7649	10349	5
7649	13470	5
7649	15851	5
7650	10208	5
7651	16420	5
7651	14896	5
7651	14121	5
7657	16136	5
7657	12403	5
7659	16124	5
7661	8838	0
7662	11533	0
7662	12325	5
7666	12095	2
7666	12373	5
7667	10991	5
7667	10924	5
7668	10910	5
7670	10916	5
7671	9134	5
7671	9135	5
7673	8823	0
7673	16360	5
7677	14845	5
7677	14881	5
7677	16229	5
7677	14851	5
7678	12371	5
7678	12375	5
7680	17239	5
7680	17243	5
7681	12410	5
7682	8958	5
7682	9680	5
7683	10336	5
7689	10922	5
7691	13788	5
7691	14999	4
7692	16834	5
7692	9278	5
7694	13137	4
7696	11855	0
7696	11936	5
7696	16466	5
7698	10643	0
7698	20192	5
7699	9207	5
7699	9679	5
7700	10110	5
7700	11127	5
7701	13659	5
7702	10987	5
7702	10992	5
7704	10605	5
7705	8892	4
7707	12474	2
7707	18549	5
7709	9737	5
7711	16393	5
7714	21005	5
7715	16104	5
7717	9374	5
7717	9732	5
7718	9066	5
7718	13215	5
7718	16090	5
7719	10349	5
7719	13471	5
7720	18813	5
7720	17656	5
7720	10996	5
7720	18817	5
7721	9591	4
7722	13660	5
7722	18817	5
7723	17000	5
7723	18557	5
7725	14225	5
7726	14987	5
7726	14230	5
7729	12474	2
7730	14056	5
7731	19043	4
7732	10980	5
7732	11693	5
7733	12182	5
7733	10743	5
7734	8946	0
7734	9512	5
7734	9515	5
7736	13291	5
7738	8913	5
7739	10440	5
7739	10993	5
7739	10995	5
7739	10997	5
7739	10152	5
7741	13660	5
7743	11609	5
7743	11610	5
7743	11625	5
7743	11626	5
7743	11619	5
7744	19352	5
7744	19355	5
7745	16404	5
7746	312	0
7747	16420	5
7747	14227	5
7751	8733	0
7751	16283	5
7753	716	0
7755	9281	0
7759	14321	5
7759	15219	5
7760	15310	5
7760	14321	5
7760	15291	5
7760	15312	5
7761	10059	0
7764	9276	5
7764	8837	4
7765	12173	5
7768	10521	4
7769	8915	5
7772	8912	5
7775	17425	5
7775	17426	5
7776	13689	5
7777	8891	4
7777	8940	4
7779	8844	5
7779	8847	5
7780	12926	0
7780	10600	0
7780	18020	5
7780	8987	5
7782	9281	0
7782	8970	5
7785	10996	5
7785	9732	5
7786	10884	5
7789	13206	5
7789	16064	5
7789	14833	5
7792	17438	5
7792	17441	5
7794	12625	5
7795	16577	5
7798	14722	5
7799	10322	5
7800	10881	5
7801	13722	5
7801	10874	5
7802	16359	5
7805	10920	5
7805	19350	5
7805	10926	5
7811	16420	5
7811	9739	5
7812	17935	5
7812	18009	5
7812	13587	5
7812	18012	5
7813	9718	5
7813	14381	5
7814	11065	5
7818	17125	5
7818	17127	5
7819	9122	5
7820	13014	5
7820	14105	5
7821	12735	5
7824	8839	0
7825	10735	5
7825	11860	5
7826	10150	5
7826	10355	5
7828	9739	5
7830	310	0
7831	16565	5
7831	16568	5
7835	11855	0
7835	16559	5
7836	12050	0
7838	11495	5
7838	10260	5
7842	13523	4
7843	9307	5
7844	14731	4
7846	14438	5
7849	9308	5
7850	12273	5
7851	9484	4
7852	10502	5
7853	9321	2
7855	8839	0
7856	12736	5
7859	12624	5
7860	10233	0
7860	14022	5
7860	15334	5
7860	8935	4
7861	5694	0
7861	13562	5
7861	9127	5
7862	12292	5
7865	12232	5
7865	12254	5
7865	13514	4
7867	16466	5
7869	10203	0
7871	11280	5
7871	15677	5
7871	15215	4
7873	9040	5
7873	9042	5
7873	8916	5
7873	14364	5
7873	10610	4
7876	16601	4
7877	3785	0
7881	312	0
7888	12336	5
7888	12152	5
7889	21331	0
7889	9076	0
7889	19011	5
7889	19012	5
7896	716	0
7898	12403	5
7898	10759	4
7901	16017	5
7906	14116	5
7908	8821	0
7908	8916	5
7909	10899	5
7909	10900	5
7910	9139	2
7913	10916	5
7913	10917	5
7913	10923	5
7913	10925	5
7913	10934	5
7915	9039	5
7915	9048	5
7915	9049	5
7915	8867	5
7919	13459	5
7919	11448	5
7921	9040	5
7922	14981	5
7922	14986	5
7922	14991	5
7923	11521	0
7925	17641	5
7925	10779	5
7925	11384	5
7927	10475	4
7928	13659	5
7929	16470	5
7929	15779	4
7930	12597	5
7931	13438	5
7933	9042	5
7933	9045	5
7933	9049	5
7938	13581	5
7939	9813	5
7940	13661	5
7943	16060	5
7943	16065	5
7943	11928	5
7944	18634	5
7945	14225	5
7945	14117	5
7946	8831	5
7948	13572	5
7949	11316	0
7949	18372	5
7949	18373	5
7950	11273	5
7951	9742	4
7952	18373	5
7953	11286	5
7953	9378	5
7955	13014	5
7955	14479	5
7955	14480	5
7955	13063	5
7956	9122	5
7962	12756	5
7962	12760	5
7963	10561	4
7966	12752	5
7966	11007	5
7966	9811	5
7966	12762	5
7967	13257	5
7967	18333	5
7968	10605	5
7969	14943	5
7970	10439	5
7972	18636	0
7973	10626	4
7980	17125	5
7980	8960	5
7981	17987	5
7981	10013	5
7981	17990	5
7982	10239	5
7984	8912	5
7989	8838	0
7991	10495	5
7993	16064	5
7993	15492	5
7994	13338	0
7995	9520	4
7996	16065	5
7997	9547	5
7997	9634	5
8000	19351	5
8000	19352	5
8004	9375	5
8006	10446	5
8008	10260	5
8013	11007	5
8014	17873	5
8014	13213	5
8014	16106	5
8015	16284	5
8016	10825	5
8017	18110	5
8018	19043	4
8021	13171	5
8021	13172	5
8021	13173	5
8022	8914	5
8023	11227	5
8024	16358	5
8028	9345	5
8028	13440	5
8028	10744	5
8030	8821	0
8030	14265	5
8030	13505	5
8031	9433	4
8033	10163	0
8033	13554	5
8033	17948	4
8033	14267	4
8036	10381	5
8036	10382	5
8039	15808	4
8040	19904	5
8041	16548	5
8043	14571	5
8043	12602	5
8044	9043	5
8044	9045	5
8044	9052	5
8045	11444	4
8046	13583	5
8048	14121	5
8048	10926	5
8048	10137	4
8049	180	0
8049	10330	5
8049	18378	5
8049	19157	5
8049	9780	4
8049	10402	4
8050	14274	5
8050	13369	5
8050	14372	5
8053	11008	5
8053	10989	5
8054	18558	5
8057	12734	5
8058	9040	5
8058	12325	5
8058	9044	5
8059	8864	5
8060	11274	5
8063	6743	0
8063	19651	5
8063	19654	5
8064	11694	5
8066	12760	5
8066	13855	5
8067	10619	0
8067	312	0
8069	14371	5
8069	11017	5
8076	11107	5
8078	12602	5
8078	16400	5
8079	11046	5
8079	11047	5
8079	10899	5
8080	12474	2
8081	18653	5
8083	12669	0
8083	10497	5
8083	10505	5
8085	19043	4
8086	18301	5
8086	12737	5
8088	9049	5
8088	9054	5
8089	12474	2
8091	770	1
8092	12734	5
8092	12738	5
8094	18351	5
8095	12734	5
8096	10605	5
8096	10607	5
8100	10385	4
8103	8914	5
8107	14895	5
8107	14897	5
8107	14900	5
8107	14901	5
8107	14903	5
8110	13019	5
8110	12540	5
8111	11008	5
8111	11014	5
8111	9180	5
8111	11021	5
8111	14215	4
8113	10609	5
8114	14281	5
8114	14118	5
8116	17398	5
8117	12474	2
8118	12182	5
8118	12183	5
8119	8809	0
8120	11049	5
8120	10683	5
8120	10448	5
8124	14984	5
8124	14990	5
8125	10916	5
8125	10918	5
8125	10926	5
8125	10928	5
8125	10933	5
8125	9352	4
8126	8914	5
8127	10086	5
8128	14224	5
8128	14228	5
8130	12486	5
8131	9608	5
8131	17919	5
8133	1633	1
8133	13563	5
8136	16542	5
8137	11316	0
8137	12184	5
8138	10923	5
8138	10926	5
8138	10930	5
8138	10932	5
8138	10934	5
8138	21661	4
8139	8942	4
8141	9285	4
8143	11273	5
8143	18084	5
8143	11381	5
8143	18085	5
8143	10922	5
8145	8054	0
8145	16551	0
8145	9972	4
8146	10770	5
8147	8828	5
8148	1873	1
8149	12249	5
8150	10973	5
8150	12615	5
8151	8900	5
8152	8820	0
8152	17669	5
8152	17673	5
8154	11475	5
8155	9682	5
8155	9683	5
8155	19211	5
8155	16026	4
8157	10038	5
8158	11360	0
8158	9683	5
8158	16047	5
8160	16009	0
8160	13206	5
8160	16013	5
8160	13716	4
8164	16102	5
8165	9308	5
8166	9239	0
8166	11162	4
8168	9486	0
8168	11013	5
8168	9180	5
8168	11023	5
8170	12395	5
8170	9049	5
8171	15107	0
8171	14479	5
8171	14481	5
8173	9222	4
8174	10962	5
8174	10385	4
8175	17013	5
8176	9129	5
8179	12492	5
8182	12234	5
8187	11325	5
8187	11326	5
8188	10989	5
8188	10992	5
8188	9182	5
8188	9186	5
8188	10924	5
8191	9486	0
8191	11611	5
8191	11619	5
8192	9451	0
8192	12474	2
8193	12460	5
8193	12236	5
8197	10483	5
8199	19043	4
8200	17916	5
8200	9515	5
8200	14303	5
8201	10504	5
8207	8840	2
8207	8845	5
8207	8849	5
8207	8944	4
8212	17423	5
8213	3785	0
8213	14344	5
8214	9074	0
8214	9285	4
8215	16171	5
8217	9835	5
8217	10261	5
8218	9802	4
8219	10328	5
8219	10329	5
8219	10330	5
8221	12478	4
8222	14939	5
8225	10719	4
8225	10536	4
8227	10440	5
8227	10987	5
8227	10994	5
8228	13150	5
8229	8913	5
8230	13722	5
8230	13754	5
8230	11697	5
8231	10680	5
8231	10626	4
8232	9047	5
8233	3299	0
8234	13543	5
8234	16252	5
8234	16108	5
8235	15848	5
8235	15851	5
8236	12486	5
8237	9048	5
8237	8916	5
8237	8940	4
8238	13063	5
8239	20446	0
8240	9042	5
8240	9049	5
8241	10299	0
8241	8931	3
8241	12756	5
8242	9044	5
8242	9052	5
8243	17711	5
8243	9278	5
8243	16837	5
8244	2571	1
8244	9128	5
8244	13737	5
8244	10660	5
8245	8838	0
8248	9039	5
8248	9046	5
8248	9053	5
8250	312	0
8250	9596	0
8250	8996	5
8251	9039	5
8251	9050	5
8253	10609	5
8254	11085	5
8254	11088	5
8254	11090	5
8255	9042	5
8257	16131	5
8257	12403	5
8258	9039	5
8259	13609	5
8259	13612	5
8261	10987	5
8264	8832	5
8265	9610	5
8265	9613	5
8268	9931	5
8270	14225	5
8271	14105	5
8273	13070	5
8278	13536	5
8280	12656	5
8282	12761	5
8282	12763	5
8283	10239	5
8285	18472	0
8285	17053	0
8286	17119	5
8287	10993	5
8287	10995	5
8287	10924	5
8288	16360	5
8288	16362	5
8292	8998	5
8293	9036	4
8294	10603	5
8294	10608	5
8295	12753	5
8295	9811	5
8295	12761	5
8295	12764	5
8296	21728	5
8299	13561	5
8299	14848	5
8299	16230	5
8302	236	0
8302	11694	5
8304	11020	5
8304	11018	5
8304	9180	5
8308	9914	5
8308	14290	5
8311	9457	5
8313	15287	0
8314	9750	2
8314	10274	5
8314	9111	5
8315	9308	5
8316	13169	5
8316	13173	5
8318	8916	5
8320	13561	5
8321	17919	5
8322	8809	0
8323	10483	5
8323	11274	5
8323	11383	5
8323	11384	5
8325	11051	5
8326	11275	5
8326	11261	5
8327	11188	4
8328	10680	5
8329	13207	5
8329	17356	5
8329	17359	5
8329	17362	5
8329	17363	5
8330	167	0
8332	10448	5
8332	10450	5
8334	10484	5
8336	1719	1
8336	9449	5
8337	9308	5
8338	10496	5
8338	10498	5
8341	11048	5
8341	13316	5
8344	14876	5
8344	12350	5
8344	14855	5
8344	14885	5
8346	11572	0
8347	13170	5
8347	13173	5
8348	10657	5
8349	11737	5
8349	12521	5
8350	12486	5
8350	8851	4
8351	11737	5
8352	14875	5
8355	14477	5
8356	13505	5
8357	10988	5
8357	10991	5
8357	10992	5
8358	14265	5
8358	13505	5
8358	9520	4
8362	9043	5
8362	9050	5
8362	9053	5
8363	8837	4
8364	9013	5
8364	9707	5
8364	9024	5
8366	17508	0
8366	12404	4
8368	12758	5
8368	18435	4
8369	6506	0
8369	10689	0
8369	10540	5
8371	12249	5
8371	12250	5
8371	12232	5
8372	10529	5
8375	12597	5
8376	9609	5
8376	9612	5
8376	9016	5
8377	9625	5
8377	19973	5
8380	13723	5
8381	20306	5
8383	13659	5
8387	11694	5
8388	793	1
8388	9811	5
8388	12756	5
8388	12758	5
8388	12760	5
8389	13166	5
8392	13614	5
8393	9739	5
8394	14198	5
8394	15375	5
8395	10630	0
8395	10964	5
8395	10385	4
8396	12992	5
8398	11077	5
8399	11048	5
8399	11071	5
8399	11078	5
8399	10759	4
8401	13870	4
8403	9264	5
8404	9721	5
8404	9429	5
8407	10964	5
8407	10847	4
8408	17391	5
8410	167	1
8411	10603	5
8411	13587	5
8412	13950	5
8413	20508	5
8415	16541	5
8415	16543	5
8415	16548	5
8416	9670	0
8419	14238	5
8420	16576	5
8422	13660	5
8423	9808	5
8423	9809	5
8423	10151	5
8426	16420	5
8426	10603	5
8426	14227	5
8427	9410	4
8428	9278	5
8429	13014	5
8429	10993	5
8430	14367	5
8433	12204	4
8434	16389	5
8434	16392	5
8434	16394	5
8437	12037	5
8437	12044	5
8439	13690	5
8439	10348	5
8442	8913	5
8442	12186	5
8444	310	0
8450	11305	5
8454	12038	5
8454	12043	5
8454	10849	5
8455	10322	5
8462	12422	4
8464	9608	5
8464	9047	5
8467	11092	5
8467	11093	5
8471	12253	5
8471	12254	5
8472	9758	5
8474	13852	0
8474	15656	5
8475	10004	5
8475	10259	5
8476	12486	5
8477	10330	5
8477	9940	5
8479	9753	5
8480	10008	5
8480	19157	5
8481	9127	5
8483	9111	5
8484	8517	0
8484	11261	5
8486	10285	0
8487	14472	5
8487	17398	5
8491	9112	5
8492	9159	5
8492	9285	4
8493	11088	5
8498	8960	5
8499	10331	5
8499	10335	5
8501	13587	5
8501	17392	5
8501	9739	5
8504	10012	5
8504	10329	5
8507	9128	5
8509	9111	5
8509	10277	5
8511	9128	5
8511	13788	5
8512	11180	0
8512	10329	5
8514	10348	5
8515	14854	5
8517	19210	5
8517	10239	5
8519	802	0
8519	12486	5
8520	177	1
8520	9997	5
8520	10003	5
8520	10007	5
8520	10013	5
8520	9962	5
8521	16473	5
8522	9963	5
8522	10010	5
8522	10011	5
8524	11050	5
8524	9378	5
8527	14123	5
8527	16880	5
8527	9718	5
8527	9497	5
8527	8869	5
8528	10500	5
8529	16877	5
8531	11695	5
8532	14944	5
8536	13207	5
8536	11002	5
8536	17357	5
8536	17363	5
8539	19023	5
8544	9810	5
8545	716	0
8546	11798	0
8546	10779	5
8546	10667	5
8551	10606	5
8551	10609	5
8553	355	1
8559	10961	5
8559	10910	5
8561	21238	5
8563	9670	0
8563	10801	5
8564	938	1
8565	16013	5
8565	16017	5
8565	16264	4
8566	10779	5
8567	8845	5
8568	16062	5
8568	13984	5
8570	10604	5
8571	12617	5
8573	9054	5
8574	9126	5
8574	11549	5
8576	9134	5
8576	12521	5
8577	20206	0
8582	17172	0
8582	236	1
8582	13661	5
8582	9914	5
8584	12733	5
8584	17109	5
8584	14988	5
8585	11804	5
8585	12949	5
8588	16466	5
8589	10266	0
8593	11381	5
8593	11730	4
8594	9128	5
8594	11230	5
8594	10654	5
8598	13527	4
8599	10266	0
8599	17308	5
8599	11065	5
8599	10485	5
8601	11732	0
8601	10651	5
8601	10652	5
8604	12571	0
8604	14890	0
8606	18302	5
8606	12737	5
8609	9768	4
8610	8828	5
8611	12753	5
8611	12754	5
8611	12761	5
8612	20465	4
8614	10487	4
8618	10483	5
8619	11472	5
8620	17940	5
8621	10607	5
8622	14608	5
8624	760	0
8624	12409	5
8625	8823	0
8625	9352	4
8628	13123	5
8633	14901	5
8633	14904	5
8634	6506	1
8635	10329	5
8635	10008	5
8635	18378	5
8638	14906	5
8639	18378	5
8639	10014	5
8639	19157	5
8640	10676	5
8640	11274	5
8643	13208	5
8644	15852	5
8646	9043	5
8646	9047	5
8646	8867	5
8648	236	1
8648	11778	5
8648	17616	4
8649	9045	5
8649	15678	5
8652	12734	5
8652	12739	5
8655	12182	5
8656	9914	5
8657	6822	0
8657	760	1
8658	11280	5
8664	9039	5
8664	9048	5
8665	10440	5
8665	9182	5
8667	13984	5
8667	12894	5
8671	18485	5
8672	16566	5
8672	12737	5
8673	10127	5
8673	10128	5
8674	15986	0
8674	802	0
8674	13206	5
8674	16015	5
8674	16019	5
8675	14476	5
8675	14483	5
8678	9682	5
8678	16050	4
8682	12420	5
8682	12174	4
8683	16388	5
8683	18486	5
8683	16394	5
8685	13118	0
8685	9040	5
8685	9041	5
8685	9045	5
8685	9051	5
8687	13207	5
8687	17355	5
8689	12350	5
8689	14883	5
8689	14886	5
8690	16999	5
8691	9758	5
8691	9835	5
8691	10257	5
8692	9043	5
8692	9330	5
8692	8916	5
8694	10059	0
8694	11310	5
8696	8807	0
8696	9852	5
8696	10402	4
8700	8845	5
8703	9852	5
8703	10434	5
8704	3299	0
8704	14579	5
8704	17990	5
8704	9838	5
8706	9486	0
8710	12734	5
8710	12735	5
8711	9042	5
8713	16466	5
8713	16814	5
8714	9039	5
8714	9044	5
8714	9330	5
8714	8916	5
8714	15215	4
8715	16563	5
8715	16566	5
8715	16567	5
8716	14281	5
8716	16404	5
8716	10604	5
8718	12627	4
8720	10444	5
8720	9376	5
8721	9914	5
8721	12617	5
8721	11829	4
8727	16281	5
8728	10605	5
8732	10604	5
8734	8821	0
8735	20561	0
8735	16284	5
8737	12706	4
8740	12159	5
8740	8915	5
8741	11280	5
8741	8913	5
8741	8915	5
8743	11947	5
8743	9222	4
8745	14022	5
8746	17156	5
8748	17299	5
8753	16470	5
8753	16601	4
8753	16685	4
8754	16722	5
8758	10126	5
8760	12625	5
8760	12626	5
8760	9285	4
8762	9174	0
8762	12325	5
8762	9374	5
8764	11077	5
8764	10719	4
8765	9622	5
8765	17026	4
8767	15002	5
8767	10260	5
8768	9670	0
8768	4609	1
8768	11047	5
8768	11048	5
8770	9346	5
8770	11076	5
8772	9346	5
8772	11047	5
8772	10908	5
8772	10458	4
8773	10130	4
8776	11069	5
8777	12088	0
8777	13606	5
8782	13606	5
8782	13611	5
8783	12255	5
8785	14232	0
8785	5976	1
8785	15160	4
8787	11783	0
8787	13609	5
8787	13616	5
8788	12089	2
8788	12250	5
8788	12254	5
8789	9405	5
8789	8941	4
8791	15986	0
8792	14476	5
8794	14289	5
8797	14309	5
8797	8863	5
8797	9789	5
8801	9014	5
8802	10729	5
8802	10752	5
8804	14479	5
8804	13063	5
8804	14184	5
8805	11069	5
8805	9044	5
